0.0000000000 0.0000000000
0.0048828125 0.0048590094
0.0097656250 0.0096705680
0.0146484375 0.0144349085
0.0195312500 0.0191522637
0.0244140625 0.0238228664
0.0292968750 0.0284469493
0.0341796875 0.0330247451
0.0390625000 0.0375564863
0.0439453125 0.0420424056
0.0488281250 0.0464827352
0.0537109375 0.0508777077
0.0585937500 0.0552275551
0.0634765625 0.0595325097
0.0683593750 0.0637928034
0.0732421875 0.0680086682
0.0781250000 0.0721803356
0.0830078125 0.0763080373
0.0878906250 0.0803920047
0.0927734375 0.0844324689
0.0976562500 0.0884296611
0.1025390625 0.0923838121
0.1074218750 0.0962951526
0.1123046875 0.1001639129
0.1171875000 0.1039903233
0.1220703125 0.1077746137
0.1269531250 0.1115170140
0.1318359375 0.1152177537
0.1367187500 0.1188770620
0.1416015625 0.1224951679
0.1464843750 0.1260723001
0.1513671875 0.1296086870
0.1562500000 0.1331045569
0.1611328125 0.1365601376
0.1660156250 0.1399756567
0.1708984375 0.1433513413
0.1757812500 0.1466874186
0.1806640625 0.1499841149
0.1855468750 0.1532416567
0.1904296875 0.1564602698
0.1953125000 0.1596401799
0.2001953125 0.1627816122
0.2050781250 0.1658847914
0.2099609375 0.1689499423
0.2148437500 0.1719772887
0.2197265625 0.1749670546
0.2246093750 0.1779194631
0.2294921875 0.1808347374
0.2343750000 0.1837130999
0.2392578125 0.1865547727
0.2441406250 0.1893599775
0.2490234375 0.1921289357
0.2539062500 0.1948618681
0.2587890625 0.1975589952
0.2636718750 0.2002205368
0.2685546875 0.2028467125
0.2734375000 0.2054377415
0.2783203125 0.2079938423
0.2832031250 0.2105152330
0.2880859375 0.2130021313
0.2929687500 0.2154547545
0.2978515625 0.2178733192
0.3027343750 0.2202580417
0.3076171875 0.2226091376
0.3125000000 0.2249268222
0.3173828125 0.2272113103
0.3222656250 0.2294628159
0.3271484375 0.2316815529
0.3320312500 0.2338677343
0.3369140625 0.2360215729
0.3417968750 0.2381432807
0.3466796875 0.2402330692
0.3515625000 0.2422911496
0.3564453125 0.2443177323
0.3613281250 0.2463130273
0.3662109375 0.2482772439
0.3710937500 0.2502105909
0.3759765625 0.2521132766
0.3808593750 0.2539855087
0.3857421875 0.2558274942
0.3906250000 0.2576394398
0.3955078125 0.2594215514
0.4003906250 0.2611740343
0.4052734375 0.2628970933
0.4101562500 0.2645909326
0.4150390625 0.2662557558
0.4199218750 0.2678917659
0.4248046875 0.2694991652
0.4296875000 0.2710781555
0.4345703125 0.2726289380
0.4394531250 0.2741517132
0.4443359375 0.2756466810
0.4492187500 0.2771140407
0.4541015625 0.2785539911
0.4589843750 0.2799667300
0.4638671875 0.2813524551
0.4687500000 0.2827113629
0.4736328125 0.2840436496
0.4785156250 0.2853495108
0.4833984375 0.2866291413
0.4882812500 0.2878827352
0.4931640625 0.2891104861
0.4980468750 0.2903125869
0.5029296875 0.2914892298
0.5078125000 0.2926406064
0.5126953125 0.2937669075
0.5175781250 0.2948683236
0.5224609375 0.2959450440
0.5273437500 0.2969972577
0.5322265625 0.2980251529
0.5371093750 0.2990289173
0.5419921875 0.3000087376
0.5468750000 0.3009648001
0.5517578125 0.3018972902
0.5566406250 0.3028063929
0.5615234375 0.3036922922
0.5664062500 0.3045551716
0.5712890625 0.3053952138
0.5761718750 0.3062126011
0.5810546875 0.3070075146
0.5859375000 0.3077801351
0.5908203125 0.3085306427
0.5957031250 0.3092592165
0.6005859375 0.3099660351
0.6054687500 0.3106512765
0.6103515625 0.3113151178
0.6152343750 0.3119577354
0.6201171875 0.3125793052
0.6250000000 0.3131800022
0.6298828125 0.3137600006
0.6347656250 0.3143194743
0.6396484375 0.3148585960
0.6445312500 0.3153775380
0.6494140625 0.3158764717
0.6542968750 0.3163555679
0.6591796875 0.3168149967
0.6640625000 0.3172549274
0.6689453125 0.3176755286
0.6738281250 0.3180769682
0.6787109375 0.3184594134
0.6835937500 0.3188230305
0.6884765625 0.3191679854
0.6933593750 0.3194944430
0.6982421875 0.3198025675
0.7031250000 0.3200925226
0.7080078125 0.3203644710
0.7128906250 0.3206185748
0.7177734375 0.3208549954
0.7226562500 0.3210738934
0.7275390625 0.3212754288
0.7324218750 0.3214597606
0.7373046875 0.3216270473
0.7421875000 0.3217774466
0.7470703125 0.3219111155
0.7519531250 0.3220282103
0.7568359375 0.3221288864
0.7617187500 0.3222132987
0.7666015625 0.3222816011
0.7714843750 0.3223339471
0.7763671875 0.3223704891
0.7812500000 0.3223913790
0.7861328125 0.3223967680
0.7910156250 0.3223868065
0.7958984375 0.3223616440
0.8007812500 0.3223214296
0.8056640625 0.3222663113
0.8105468750 0.3221964366
0.8154296875 0.3221119524
0.8203125000 0.3220130044
0.8251953125 0.3218997381
0.8300781250 0.3217722979
0.8349609375 0.3216308276
0.8398437500 0.3214754703
0.8447265625 0.3213063682
0.8496093750 0.3211236631
0.8544921875 0.3209274957
0.8593750000 0.3207180063
0.8642578125 0.3204953341
0.8691406250 0.3202596179
0.8740234375 0.3200109956
0.8789062500 0.3197496045
0.8837890625 0.3194755811
0.8886718750 0.3191890610
0.8935546875 0.3188901794
0.8984375000 0.3185790705
0.9033203125 0.3182558680
0.9082031250 0.3179207047
0.9130859375 0.3175737128
0.9179687500 0.3172150236
0.9228515625 0.3168447678
0.9277343750 0.3164630755
0.9326171875 0.3160700759
0.9375000000 0.3156658976
0.9423828125 0.3152506682
0.9472656250 0.3148245150
0.9521484375 0.3143875644
0.9570312500 0.3139399419
0.9619140625 0.3134817725
0.9667968750 0.3130131805
0.9716796875 0.3125342894
0.9765625000 0.3120452220
0.9814453125 0.3115461004
0.9863281250 0.3110370460
0.9912109375 0.3105181794
0.9960937500 0.3099896208
1.0009765625 0.3094514892
1.0058593750 0.3089039034
1.0107421875 0.3083469811
1.0156250000 0.3077808395
1.0205078125 0.3072055951
1.0253906250 0.3066213636
1.0302734375 0.3060282601
1.0351562500 0.3054263990
1.0400390625 0.3048158938
1.0449218750 0.3041968577
1.0498046875 0.3035694028
1.0546875000 0.3029336408
1.0595703125 0.3022896826
1.0644531250 0.3016376383
1.0693359375 0.3009776175
1.0742187500 0.3003097290
1.0791015625 0.2996340810
1.0839843750 0.2989507809
1.0888671875 0.2982599356
1.0937500000 0.2975616510
1.0986328125 0.2968560328
1.1035156250 0.2961431856
1.1083984375 0.2954232134
1.1132812500 0.2946962198
1.1181640625 0.2939623074
1.1230468750 0.2932215783
1.1279296875 0.2924741338
1.1328125000 0.2917200748
1.1376953125 0.2909595013
1.1425781250 0.2901925126
1.1474609375 0.2894192076
1.1523437500 0.2886396842
1.1572265625 0.2878540399
1.1621093750 0.2870623716
1.1669921875 0.2862647752
1.1718750000 0.2854613462
1.1767578125 0.2846521795
1.1816406250 0.2838373692
1.1865234375 0.2830170088
1.1914062500 0.2821911912
1.1962890625 0.2813600085
1.2011718750 0.2805235525
1.2060546875 0.2796819139
1.2109375000 0.2788351832
1.2158203125 0.2779834499
1.2207031250 0.2771268032
1.2255859375 0.2762653313
1.2304687500 0.2753991221
1.2353515625 0.2745282628
1.2402343750 0.2736528397
1.2451171875 0.2727729389
1.2500000000 0.2718886456
1.2548828125 0.2710000444
1.2597656250 0.2701072194
1.2646484375 0.2692102540
1.2695312500 0.2683092309
1.2744140625 0.2674042324
1.2792968750 0.2664953401
1.2841796875 0.2655826348
1.2890625000 0.2646661971
1.2939453125 0.2637461065
1.2988281250 0.2628224424
1.3037109375 0.2618952832
1.3085937500 0.2609647069
1.3134765625 0.2600307909
1.3183593750 0.2590936120
1.3232421875 0.2581532462
1.3281250000 0.2572097693
1.3330078125 0.2562632563
1.3378906250 0.2553137814
1.3427734375 0.2543614186
1.3476562500 0.2534062412
1.3525390625 0.2524483218
1.3574218750 0.2514877325
1.3623046875 0.2505245448
1.3671875000 0.2495588297
1.3720703125 0.2485906576
1.3769531250 0.2476200984
1.3818359375 0.2466472211
1.3867187500 0.2456720946
1.3916015625 0.2446947870
1.3964843750 0.2437153659
1.4013671875 0.2427338982
1.4062500000 0.2417504504
1.4111328125 0.2407650884
1.4160156250 0.2397778777
1.4208984375 0.2387888829
1.4257812500 0.2377981684
1.4306640625 0.2368057979
1.4355468750 0.2358118346
1.4404296875 0.2348163410
1.4453125000 0.2338193795
1.4501953125 0.2328210114
1.4550781250 0.2318212978
1.4599609375 0.2308202993
1.4648437500 0.2298180759
1.4697265625 0.2288146869
1.4746093750 0.2278101914
1.4794921875 0.2268046478
1.4843750000 0.2257981139
1.4892578125 0.2247906471
1.4941406250 0.2237823044
1.4990234375 0.2227731420
1.5039062500 0.2217632159
1.5087890625 0.2207525814
1.5136718750 0.2197412932
1.5185546875 0.2187294058
1.5234375000 0.2177169730
1.5283203125 0.2167040482
1.5332031250 0.2156906841
1.5380859375 0.2146769331
1.5429687500 0.2136628472
1.5478515625 0.2126484776
1.5527343750 0.2116338753
1.5576171875 0.2106190906
1.5625000000 0.2096041735
1.5673828125 0.2085891735
1.5722656250 0.2075741395
1.5771484375 0.2065591200
1.5820312500 0.2055441630
1.5869140625 0.2045293161
1.5917968750 0.2035146264
1.5966796875 0.2025001404
1.6015625000 0.2014859044
1.6064453125 0.2004719641
1.6113281250 0.1994583646
1.6162109375 0.1984451508
1.6210937500 0.1974323670
1.6259765625 0.1964200571
1.6308593750 0.1954082644
1.6357421875 0.1943970321
1.6406250000 0.1933864026
1.6455078125 0.1923764180
1.6503906250 0.1913671200
1.6552734375 0.1903585499
1.6601562500 0.1893507483
1.6650390625 0.1883437557
1.6699218750 0.1873376119
1.6748046875 0.1863323565
1.6796875000 0.1853280285
1.6845703125 0.1843246666
1.6894531250 0.1833223090
1.6943359375 0.1823209934
1.6992187500 0.1813207574
1.7041015625 0.1803216378
1.7089843750 0.1793236712
1.7138671875 0.1783268939
1.7187500000 0.1773313414
1.7236328125 0.1763370491
1.7285156250 0.1753440521
1.7333984375 0.1743523847
1.7382812500 0.1733620812
1.7431640625 0.1723731753
1.7480468750 0.1713857003
1.7529296875 0.1703996891
1.7578125000 0.1694151744
1.7626953125 0.1684321884
1.7675781250 0.1674507627
1.7724609375 0.1664709288
1.7773437500 0.1654927178
1.7822265625 0.1645161602
1.7871093750 0.1635412864
1.7919921875 0.1625681263
1.7968750000 0.1615967093
1.8017578125 0.1606270646
1.8066406250 0.1596592211
1.8115234375 0.1586932071
1.8164062500 0.1577290506
1.8212890625 0.1567667795
1.8261718750 0.1558064210
1.8310546875 0.1548480021
1.8359375000 0.1538915495
1.8408203125 0.1529370894
1.8457031250 0.1519846477
1.8505859375 0.1510342500
1.8554687500 0.1500859217
1.8603515625 0.1491396874
1.8652343750 0.1481955719
1.8701171875 0.1472535993
1.8750000000 0.1463137934
1.8798828125 0.1453761779
1.8847656250 0.1444407759
1.8896484375 0.1435076103
1.8945312500 0.1425767037
1.8994140625 0.1416480782
1.9042968750 0.1407217558
1.9091796875 0.1397977581
1.9140625000 0.1388761062
1.9189453125 0.1379568211
1.9238281250 0.1370399235
1.9287109375 0.1361254337
1.9335937500 0.1352133716
1.9384765625 0.1343037569
1.9433593750 0.1333966091
1.9482421875 0.1324919472
1.9531250000 0.1315897899
1.9580078125 0.1306901557
1.9628906250 0.1297930628
1.9677734375 0.1288985291
1.9726562500 0.1280065721
1.9775390625 0.1271172092
1.9824218750 0.1262304572
1.9873046875 0.1253463330
1.9921875000 0.1244648530
1.9970703125 0.1235860332
2.0019531250 0.1227098895
2.0068359375 0.1218364375
2.0117187500 0.1209656925
2.0166015625 0.1200976695
2.0214843750 0.1192323831
2.0263671875 0.1183698480
2.0312500000 0.1175100783
2.0361328125 0.1166530878
2.0410156250 0.1157988903
2.0458984375 0.1149474992
2.0507812500 0.1140989275
2.0556640625 0.1132531882
2.0605468750 0.1124102938
2.0654296875 0.1115702568
2.0703125000 0.1107330891
2.0751953125 0.1098988026
2.0800781250 0.1090674090
2.0849609375 0.1082389195
2.0898437500 0.1074133452
2.0947265625 0.1065906971
2.0996093750 0.1057709856
2.1044921875 0.1049542212
2.1093750000 0.1041404140
2.1142578125 0.1033295738
2.1191406250 0.1025217103
2.1240234375 0.1017168328
2.1289062500 0.1009149507
2.1337890625 0.1001160727
2.1386718750 0.0993202077
2.1435546875 0.0985273641
2.1484375000 0.0977375501
2.1533203125 0.0969507738
2.1582031250 0.0961670431
2.1630859375 0.0953863654
2.1679687500 0.0946087483
2.1728515625 0.0938341987
2.1777343750 0.0930627238
2.1826171875 0.0922943301
2.1875000000 0.0915290243
2.1923828125 0.0907668126
2.1972656250 0.0900077011
2.2021484375 0.0892516958
2.2070312500 0.0884988023
2.2119140625 0.0877490260
2.2167968750 0.0870023724
2.2216796875 0.0862588464
2.2265625000 0.0855184529
2.2314453125 0.0847811967
2.2363281250 0.0840470822
2.2412109375 0.0833161138
2.2460937500 0.0825882955
2.2509765625 0.0818636313
2.2558593750 0.0811421249
2.2607421875 0.0804237799
2.2656250000 0.0797085995
2.2705078125 0.0789965871
2.2753906250 0.0782877456
2.2802734375 0.0775820778
2.2851562500 0.0768795864
2.2900390625 0.0761802738
2.2949218750 0.0754841423
2.2998046875 0.0747911940
2.3046875000 0.0741014310
2.3095703125 0.0734148549
2.3144531250 0.0727314674
2.3193359375 0.0720512699
2.3242187500 0.0713742637
2.3291015625 0.0707004499
2.3339843750 0.0700298294
2.3388671875 0.0693624031
2.3437500000 0.0686981715
2.3486328125 0.0680371352
2.3535156250 0.0673792944
2.3583984375 0.0667246493
2.3632812500 0.0660732000
2.3681640625 0.0654249462
2.3730468750 0.0647798878
2.3779296875 0.0641380241
2.3828125000 0.0634993547
2.3876953125 0.0628638789
2.3925781250 0.0622315956
2.3974609375 0.0616025040
2.4023437500 0.0609766028
2.4072265625 0.0603538908
2.4121093750 0.0597343664
2.4169921875 0.0591180282
2.4218750000 0.0585048743
2.4267578125 0.0578949031
2.4316406250 0.0572881123
2.4365234375 0.0566845000
2.4414062500 0.0560840640
2.4462890625 0.0554868017
2.4511718750 0.0548927108
2.4560546875 0.0543017885
2.4609375000 0.0537140322
2.4658203125 0.0531294390
2.4707031250 0.0525480058
2.4755859375 0.0519697296
2.4804687500 0.0513946071
2.4853515625 0.0508226349
2.4902343750 0.0502538096
2.4951171875 0.0496881276
2.5000000000 0.0491255852
2.5048828125 0.0485661785
2.5097656250 0.0480099036
2.5146484375 0.0474567566
2.5195312500 0.0469067332
2.5244140625 0.0463598291
2.5292968750 0.0458160401
2.5341796875 0.0452753617
2.5390625000 0.0447377892
2.5439453125 0.0442033181
2.5488281250 0.0436719435
2.5537109375 0.0431436605
2.5585937500 0.0426184642
2.5634765625 0.0420963495
2.5683593750 0.0415773112
2.5732421875 0.0410613441
2.5781250000 0.0405484428
2.5830078125 0.0400386019
2.5878906250 0.0395318157
2.5927734375 0.0390280787
2.5976562500 0.0385273851
2.6025390625 0.0380297291
2.6074218750 0.0375351048
2.6123046875 0.0370435063
2.6171875000 0.0365549273
2.6220703125 0.0360693619
2.6269531250 0.0355868036
2.6318359375 0.0351072463
2.6367187500 0.0346306834
2.6416015625 0.0341571086
2.6464843750 0.0336865152
2.6513671875 0.0332188966
2.6562500000 0.0327542461
2.6611328125 0.0322925569
2.6660156250 0.0318338221
2.6708984375 0.0313780347
2.6757812500 0.0309251878
2.6806640625 0.0304752743
2.6855468750 0.0300282869
2.6904296875 0.0295842186
2.6953125000 0.0291430619
2.7001953125 0.0287048096
2.7050781250 0.0282694541
2.7099609375 0.0278369881
2.7148437500 0.0274074039
2.7197265625 0.0269806939
2.7246093750 0.0265568504
2.7294921875 0.0261358658
2.7343750000 0.0257177321
2.7392578125 0.0253024415
2.7441406250 0.0248899862
2.7490234375 0.0244803580
2.7539062500 0.0240735491
2.7587890625 0.0236695512
2.7636718750 0.0232683562
2.7685546875 0.0228699560
2.7734375000 0.0224743423
2.7783203125 0.0220815067
2.7832031250 0.0216914409
2.7880859375 0.0213041366
2.7929687500 0.0209195852
2.7978515625 0.0205377782
2.8027343750 0.0201587072
2.8076171875 0.0197823634
2.8125000000 0.0194087383
2.8173828125 0.0190378231
2.8222656250 0.0186696091
2.8271484375 0.0183040876
2.8320312500 0.0179412497
2.8369140625 0.0175810865
2.8417968750 0.0172235892
2.8466796875 0.0168687488
2.8515625000 0.0165165564
2.8564453125 0.0161670028
2.8613281250 0.0158200791
2.8662109375 0.0154757761
2.8710937500 0.0151340848
2.8759765625 0.0147949959
2.8808593750 0.0144585003
2.8857421875 0.0141245887
2.8906250000 0.0137932518
2.8955078125 0.0134644804
2.9003906250 0.0131382651
2.9052734375 0.0128145966
2.9101562500 0.0124934655
2.9150390625 0.0121748623
2.9199218750 0.0118587776
2.9248046875 0.0115452019
2.9296875000 0.0112341258
2.9345703125 0.0109255396
2.9394531250 0.0106194339
2.9443359375 0.0103157990
2.9492187500 0.0100146254
2.9541015625 0.0097159034
2.9589843750 0.0094196234
2.9638671875 0.0091257757
2.9687500000 0.0088343506
2.9736328125 0.0085453384
2.9785156250 0.0082587294
2.9833984375 0.0079745137
2.9882812500 0.0076926817
2.9931640625 0.0074132236
2.9980468750 0.0071361294
3.0029296875 0.0068613895
3.0078125000 0.0065889940
3.0126953125 0.0063189329
3.0175781250 0.0060511965
3.0224609375 0.0057857748
3.0273437500 0.0055226580
3.0322265625 0.0052618362
3.0371093750 0.0050032993
3.0419921875 0.0047470375
3.0468750000 0.0044930408
3.0517578125 0.0042412993
3.0566406250 0.0039918030
3.0615234375 0.0037445419
3.0664062500 0.0034995060
3.0712890625 0.0032566854
3.0761718750 0.0030160699
3.0810546875 0.0027776497
3.0859375000 0.0025414147
3.0908203125 0.0023073548
3.0957031250 0.0020754601
3.1005859375 0.0018457204
3.1054687500 0.0016181258
3.1103515625 0.0013926662
3.1152343750 0.0011693315
3.1201171875 0.0009481118
3.1250000000 0.0007289969
3.1298828125 0.0005119768
3.1347656250 0.0002970414
3.1396484375 0.0000841807
3.1445312500 -0.0001266154
3.1494140625 -0.0003353570
3.1542968750 -0.0005420541
3.1591796875 -0.0007467168
3.1640625000 -0.0009493550
3.1689453125 -0.0011499790
3.1738281250 -0.0013485988
3.1787109375 -0.0015452243
3.1835937500 -0.0017398657
3.1884765625 -0.0019325330
3.1933593750 -0.0021232362
3.1982421875 -0.0023119854
3.2031250000 -0.0024987906
3.2080078125 -0.0026836619
3.2128906250 -0.0028666092
3.2177734375 -0.0030476426
3.2226562500 -0.0032267721
3.2275390625 -0.0034040076
3.2324218750 -0.0035793593
3.2373046875 -0.0037528370
3.2421875000 -0.0039244507
3.2470703125 -0.0040942105
3.2519531250 -0.0042621263
3.2568359375 -0.0044282080
3.2617187500 -0.0045924655
3.2666015625 -0.0047549089
3.2714843750 -0.0049155480
3.2763671875 -0.0050743928
3.2812500000 -0.0052314531
3.2861328125 -0.0053867388
3.2910156250 -0.0055402599
3.2958984375 -0.0056920261
3.3007812500 -0.0058420474
3.3056640625 -0.0059903335
3.3105468750 -0.0061368943
3.3154296875 -0.0062817396
3.3203125000 -0.0064248792
3.3251953125 -0.0065663229
3.3300781250 -0.0067060804
3.3349609375 -0.0068441616
3.3398437500 -0.0069805761
3.3447265625 -0.0071153337
3.3496093750 -0.0072484441
3.3544921875 -0.0073799169
3.3593750000 -0.0075097619
3.3642578125 -0.0076379887
3.3691406250 -0.0077646069
3.3740234375 -0.0078896262
3.3789062500 -0.0080130562
3.3837890625 -0.0081349064
3.3886718750 -0.0082551865
3.3935546875 -0.0083739059
3.3984375000 -0.0084910743
3.4033203125 -0.0086067011
3.4082031250 -0.0087207959
3.4130859375 -0.0088333680
3.4179687500 -0.0089444270
3.4228515625 -0.0090539823
3.4277343750 -0.0091620433
3.4326171875 -0.0092686194
3.4375000000 -0.0093737200
3.4423828125 -0.0094773544
3.4472656250 -0.0095795319
3.4521484375 -0.0096802619
3.4570312500 -0.0097795537
3.4619140625 -0.0098774165
3.4667968750 -0.0099738596
3.4716796875 -0.0100688921
3.4765625000 -0.0101625233
3.4814453125 -0.0102547624
3.4863281250 -0.0103456185
3.4912109375 -0.0104351007
3.4960937500 -0.0105232182
3.5009765625 -0.0106099799
3.5058593750 -0.0106953951
3.5107421875 -0.0107794727
3.5156250000 -0.0108622217
3.5205078125 -0.0109436511
3.5253906250 -0.0110237699
3.5302734375 -0.0111025870
3.5351562500 -0.0111801113
3.5400390625 -0.0112563517
3.5449218750 -0.0113313171
3.5498046875 -0.0114050162
3.5546875000 -0.0114774580
3.5595703125 -0.0115486511
3.5644531250 -0.0116186044
3.5693359375 -0.0116873265
3.5742187500 -0.0117548262
3.5791015625 -0.0118211122
3.5839843750 -0.0118861931
3.5888671875 -0.0119500774
3.5937500000 -0.0120127739
3.5986328125 -0.0120742911
3.6035156250 -0.0121346375
3.6083984375 -0.0121938217
3.6132812500 -0.0122518520
3.6181640625 -0.0123087371
3.6230468750 -0.0123644853
3.6279296875 -0.0124191050
3.6328125000 -0.0124726046
3.6376953125 -0.0125249924
3.6425781250 -0.0125762768
3.6474609375 -0.0126264661
3.6523437500 -0.0126755685
3.6572265625 -0.0127235922
3.6621093750 -0.0127705454
3.6669921875 -0.0128164364
3.6718750000 -0.0128612733
3.6767578125 -0.0129050641
3.6816406250 -0.0129478170
3.6865234375 -0.0129895400
3.6914062500 -0.0130302412
3.6962890625 -0.0130699286
3.7011718750 -0.0131086101
3.7060546875 -0.0131462936
3.7109375000 -0.0131829872
3.7158203125 -0.0132186985
3.7207031250 -0.0132534356
3.7255859375 -0.0132872062
3.7304687500 -0.0133200182
3.7353515625 -0.0133518792
3.7402343750 -0.0133827970
3.7451171875 -0.0134127793
3.7500000000 -0.0134418338
3.7548828125 -0.0134699681
3.7597656250 -0.0134971898
3.7646484375 -0.0135235066
3.7695312500 -0.0135489258
3.7744140625 -0.0135734551
3.7792968750 -0.0135971020
3.7841796875 -0.0136198738
3.7890625000 -0.0136417781
3.7939453125 -0.0136628222
3.7988281250 -0.0136830135
3.8037109375 -0.0137023592
3.8085937500 -0.0137208668
3.8134765625 -0.0137385434
3.8183593750 -0.0137553963
3.8232421875 -0.0137714327
3.8281250000 -0.0137866598
3.8330078125 -0.0138010848
3.8378906250 -0.0138147146
3.8427734375 -0.0138275565
3.8476562500 -0.0138396175
3.8525390625 -0.0138509045
3.8574218750 -0.0138614246
3.8623046875 -0.0138711847
3.8671875000 -0.0138801918
3.8720703125 -0.0138884527
3.8769531250 -0.0138959743
3.8818359375 -0.0139027634
3.8867187500 -0.0139088268
3.8916015625 -0.0139141713
3.8964843750 -0.0139188036
3.9013671875 -0.0139227305
3.9062500000 -0.0139259585
3.9111328125 -0.0139284943
3.9160156250 -0.0139303446
3.9208984375 -0.0139315159
3.9257812500 -0.0139320147
3.9306640625 -0.0139318476
3.9355468750 -0.0139310210
3.9404296875 -0.0139295414
3.9453125000 -0.0139274152
3.9501953125 -0.0139246488
3.9550781250 -0.0139212485
3.9599609375 -0.0139172207
3.9648437500 -0.0139125716
3.9697265625 -0.0139073076
3.9746093750 -0.0139014348
3.9794921875 -0.0138949594
3.9843750000 -0.0138878876
3.9892578125 -0.0138802255
3.9941406250 -0.0138719793
3.9990234375 -0.0138631549
4.0039062500 -0.0138537585
4.0087890625 -0.0138437960
4.0136718750 -0.0138332734
4.0185546875 -0.0138221967
4.0234375000 -0.0138105717
4.0283203125 -0.0137984044
4.0332031250 -0.0137857005
4.0380859375 -0.0137724660
4.0429687500 -0.0137587066
4.0478515625 -0.0137444280
4.0527343750 -0.0137296359
4.0576171875 -0.0137143361
4.0625000000 -0.0136985343
4.0673828125 -0.0136822360
4.0722656250 -0.0136654468
4.0771484375 -0.0136481724
4.0820312500 -0.0136304182
4.0869140625 -0.0136121898
4.0917968750 -0.0135934925
4.0966796875 -0.0135743320
4.1015625000 -0.0135547135
4.1064453125 -0.0135346425
4.1113281250 -0.0135141243
4.1162109375 -0.0134931643
4.1210937500 -0.0134717677
4.1259765625 -0.0134499397
4.1308593750 -0.0134276857
4.1357421875 -0.0134050107
4.1406250000 -0.0133819201
4.1455078125 -0.0133584188
4.1503906250 -0.0133345120
4.1552734375 -0.0133102049
4.1601562500 -0.0132855023
4.1650390625 -0.0132604094
4.1699218750 -0.0132349312
4.1748046875 -0.0132090725
4.1796875000 -0.0131828383
4.1845703125 -0.0131562336
4.1894531250 -0.0131292631
4.1943359375 -0.0131019317
4.1992187500 -0.0130742442
4.2041015625 -0.0130462053
4.2089843750 -0.0130178199
4.2138671875 -0.0129890927
4.2187500000 -0.0129600282
4.2236328125 -0.0129306313
4.2285156250 -0.0129009064
4.2333984375 -0.0128708583
4.2382812500 -0.0128404914
4.2431640625 -0.0128098103
4.2480468750 -0.0127788195
4.2529296875 -0.0127475236
4.2578125000 -0.0127159269
4.2626953125 -0.0126840338
4.2675781250 -0.0126518489
4.2724609375 -0.0126193763
4.2773437500 -0.0125866205
4.2822265625 -0.0125535858
4.2871093750 -0.0125202764
4.2919921875 -0.0124866967
4.2968750000 -0.0124528507
4.3017578125 -0.0124187428
4.3066406250 -0.0123843770
4.3115234375 -0.0123497576
4.3164062500 -0.0123148886
4.3212890625 -0.0122797740
4.3261718750 -0.0122444181
4.3310546875 -0.0122088247
4.3359375000 -0.0121729978
4.3408203125 -0.0121369416
4.3457031250 -0.0121006598
4.3505859375 -0.0120641564
4.3554687500 -0.0120274353
4.3603515625 -0.0119905003
4.3652343750 -0.0119533553
4.3701171875 -0.0119160040
4.3750000000 -0.0118784504
4.3798828125 -0.0118406980
4.3847656250 -0.0118027506
4.3896484375 -0.0117646120
4.3945312500 -0.0117262857
4.3994140625 -0.0116877755
4.4042968750 -0.0116490849
4.4091796875 -0.0116102176
4.4140625000 -0.0115711770
4.4189453125 -0.0115319668
4.4238281250 -0.0114925904
4.4287109375 -0.0114530514
4.4335937500 -0.0114133531
4.4384765625 -0.0113734990
4.4433593750 -0.0113334926
4.4482421875 -0.0112933371
4.4531250000 -0.0112530360
4.4580078125 -0.0112125926
4.4628906250 -0.0111720102
4.4677734375 -0.0111312920
4.4726562500 -0.0110904413
4.4775390625 -0.0110494613
4.4824218750 -0.0110083553
4.4873046875 -0.0109671264
4.4921875000 -0.0109257778
4.4970703125 -0.0108843125
4.5019531250 -0.0108427337
4.5068359375 -0.0108010445
4.5117187500 -0.0107592479
4.5166015625 -0.0107173470
4.5214843750 -0.0106753447
4.5263671875 -0.0106332440
4.5312500000 -0.0105910479
4.5361328125 -0.0105487593
4.5410156250 -0.0105063811
4.5458984375 -0.0104639162
4.5507812500 -0.0104213674
4.5556640625 -0.0103787376
4.5605468750 -0.0103360297
4.5654296875 -0.0102932463
4.5703125000 -0.0102503902
4.5751953125 -0.0102074643
4.5800781250 -0.0101644711
4.5849609375 -0.0101214134
4.5898437500 -0.0100782939
4.5947265625 -0.0100351152
4.5996093750 -0.0099918799
4.6044921875 -0.0099485907
4.6093750000 -0.0099052501
4.6142578125 -0.0098618606
4.6191406250 -0.0098184249
4.6240234375 -0.0097749453
4.6289062500 -0.0097314245
4.6337890625 -0.0096878648
4.6386718750 -0.0096442688
4.6435546875 -0.0096006388
4.6484375000 -0.0095569772
4.6533203125 -0.0095132865
4.6582031250 -0.0094695689
4.6630859375 -0.0094258268
4.6679687500 -0.0093820625
4.6728515625 -0.0093382784
4.6777343750 -0.0092944766
4.6826171875 -0.0092506595
4.6875000000 -0.0092068292
4.6923828125 -0.0091629880
4.6972656250 -0.0091191381
4.7021484375 -0.0090752815
4.7070312500 -0.0090314206
4.7119140625 -0.0089875573
4.7167968750 -0.0089436939
4.7216796875 -0.0088998323
4.7265625000 -0.0088559746
4.7314453125 -0.0088121230
4.7363281250 -0.0087682793
4.7412109375 -0.0087244456
4.7460937500 -0.0086806240
4.7509765625 -0.0086368163
4.7558593750 -0.0085930245
4.7607421875 -0.0085492505
4.7656250000 -0.0085054962
4.7705078125 -0.0084617636
4.7753906250 -0.0084180544
4.7802734375 -0.0083743706
4.7851562500 -0.0083307139
4.7900390625 -0.0082870861
4.7949218750 -0.0082434891
4.7998046875 -0.0081999246
4.8046875000 -0.0081563944
4.8095703125 -0.0081129002
4.8144531250 -0.0080694436
4.8193359375 -0.0080260265
4.8242187500 -0.0079826505
4.8291015625 -0.0079393172
4.8339843750 -0.0078960283
4.8388671875 -0.0078527855
4.8437500000 -0.0078095902
4.8486328125 -0.0077664441
4.8535156250 -0.0077233488
4.8583984375 -0.0076803058
4.8632812500 -0.0076373167
4.8681640625 -0.0075943829
4.8730468750 -0.0075515060
4.8779296875 -0.0075086875
4.8828125000 -0.0074659288
4.8876953125 -0.0074232313
4.8925781250 -0.0073805966
4.8974609375 -0.0073380259
4.9023437500 -0.0072955208
4.9072265625 -0.0072530825
4.9121093750 -0.0072107125
4.9169921875 -0.0071684121
4.9218750000 -0.0071261826
4.9267578125 -0.0070840253
4.9316406250 -0.0070419416
4.9365234375 -0.0069999328
4.9414062500 -0.0069580000
4.9462890625 -0.0069161445
4.9511718750 -0.0068743676
4.9560546875 -0.0068326706
4.9609375000 -0.0067910545
4.9658203125 -0.0067495206
4.9707031250 -0.0067080700
4.9755859375 -0.0066667040
4.9804687500 -0.0066254236
4.9853515625 -0.0065842300
4.9902343750 -0.0065431243
4.9951171875 -0.0065021076
5.0000000000 -0.0064611809
5.0048828125 -0.0064203454
5.0097656250 -0.0063796021
5.0146484375 -0.0063389520
5.0195312500 -0.0062983961
5.0244140625 -0.0062579355
5.0292968750 -0.0062175712
5.0341796875 -0.0061773041
5.0390625000 -0.0061371352
5.0439453125 -0.0060970654
5.0488281250 -0.0060570958
5.0537109375 -0.0060172271
5.0585937500 -0.0059774603
5.0634765625 -0.0059377964
5.0683593750 -0.0058982362
5.0732421875 -0.0058587805
5.0781250000 -0.0058194303
5.0830078125 -0.0057801864
5.0878906250 -0.0057410495
5.0927734375 -0.0057020206
5.0976562500 -0.0056631003
5.1025390625 -0.0056242896
5.1074218750 -0.0055855892
5.1123046875 -0.0055469998
5.1171875000 -0.0055085222
5.1220703125 -0.0054701572
5.1269531250 -0.0054319054
5.1318359375 -0.0053937676
5.1367187500 -0.0053557445
5.1416015625 -0.0053178368
5.1464843750 -0.0052800451
5.1513671875 -0.0052423701
5.1562500000 -0.0052048126
5.1611328125 -0.0051673730
5.1660156250 -0.0051300520
5.1708984375 -0.0050928504
5.1757812500 -0.0050557686
5.1806640625 -0.0050188072
5.1855468750 -0.0049819669
5.1904296875 -0.0049452482
5.1953125000 -0.0049086517
5.2001953125 -0.0048721779
5.2050781250 -0.0048358274
5.2099609375 -0.0047996007
5.2148437500 -0.0047634982
5.2197265625 -0.0047275206
5.2246093750 -0.0046916683
5.2294921875 -0.0046559418
5.2343750000 -0.0046203416
5.2392578125 -0.0045848680
5.2441406250 -0.0045495217
5.2490234375 -0.0045143029
5.2539062500 -0.0044792123
5.2587890625 -0.0044442500
5.2636718750 -0.0044094167
5.2685546875 -0.0043747126
5.2734375000 -0.0043401383
5.2783203125 -0.0043056939
5.2832031250 -0.0042713800
5.2880859375 -0.0042371969
5.2929687500 -0.0042031449
5.2978515625 -0.0041692244
5.3027343750 -0.0041354357
5.3076171875 -0.0041017791
5.3125000000 -0.0040682549
5.3173828125 -0.0040348635
5.3222656250 -0.0040016052
5.3271484375 -0.0039684802
5.3320312500 -0.0039354887
5.3369140625 -0.0039026312
5.3417968750 -0.0038699077
5.3466796875 -0.0038373187
5.3515625000 -0.0038048643
5.3564453125 -0.0037725447
5.3613281250 -0.0037403602
5.3662109375 -0.0037083109
5.3710937500 -0.0036763972
5.3759765625 -0.0036446192
5.3808593750 -0.0036129770
5.3857421875 -0.0035814709
5.3906250000 -0.0035501010
5.3955078125 -0.0035188675
5.4003906250 -0.0034877706
5.4052734375 -0.0034568104
5.4101562500 -0.0034259870
5.4150390625 -0.0033953006
5.4199218750 -0.0033647513
5.4248046875 -0.0033343393
5.4296875000 -0.0033040645
5.4345703125 -0.0032739272
5.4394531250 -0.0032439274
5.4443359375 -0.0032140652
5.4492187500 -0.0031843407
5.4541015625 -0.0031547540
5.4589843750 -0.0031253051
5.4638671875 -0.0030959941
5.4687500000 -0.0030668210
5.4736328125 -0.0030377860
5.4785156250 -0.0030088889
5.4833984375 -0.0029801299
5.4882812500 -0.0029515089
5.4931640625 -0.0029230260
5.4980468750 -0.0028946813
5.5029296875 -0.0028664746
5.5078125000 -0.0028384060
5.5126953125 -0.0028104756
5.5175781250 -0.0027826831
5.5224609375 -0.0027550288
5.5273437500 -0.0027275124
5.5322265625 -0.0027001341
5.5371093750 -0.0026728936
5.5419921875 -0.0026457911
5.5468750000 -0.0026188264
5.5517578125 -0.0025919995
5.5566406250 -0.0025653103
5.5615234375 -0.0025387587
5.5664062500 -0.0025123447
5.5712890625 -0.0024860682
5.5761718750 -0.0024599291
5.5810546875 -0.0024339272
5.5859375000 -0.0024080626
5.5908203125 -0.0023823350
5.5957031250 -0.0023567445
5.6005859375 -0.0023312908
5.6054687500 -0.0023059738
5.6103515625 -0.0022807934
5.6152343750 -0.0022557495
5.6201171875 -0.0022308420
5.6250000000 -0.0022060706
5.6298828125 -0.0021814353
5.6347656250 -0.0021569359
5.6396484375 -0.0021325723
5.6445312500 -0.0021083442
5.6494140625 -0.0020842515
5.6542968750 -0.0020602940
5.6591796875 -0.0020364717
5.6640625000 -0.0020127841
5.6689453125 -0.0019892313
5.6738281250 -0.0019658130
5.6787109375 -0.0019425289
5.6835937500 -0.0019193790
5.6884765625 -0.0018963630
5.6933593750 -0.0018734806
5.6982421875 -0.0018507318
5.7031250000 -0.0018281161
5.7080078125 -0.0018056335
5.7128906250 -0.0017832838
5.7177734375 -0.0017610666
5.7226562500 -0.0017389817
5.7275390625 -0.0017170290
5.7324218750 -0.0016952081
5.7373046875 -0.0016735188
5.7421875000 -0.0016519609
5.7470703125 -0.0016305341
5.7519531250 -0.0016092382
5.7568359375 -0.0015880729
5.7617187500 -0.0015670378
5.7666015625 -0.0015461329
5.7714843750 -0.0015253577
5.7763671875 -0.0015047121
5.7812500000 -0.0014841957
5.7861328125 -0.0014638083
5.7910156250 -0.0014435495
5.7958984375 -0.0014234191
5.8007812500 -0.0014034167
5.8056640625 -0.0013835422
5.8105468750 -0.0013637952
5.8154296875 -0.0013441753
5.8203125000 -0.0013246824
5.8251953125 -0.0013053160
5.8300781250 -0.0012860759
5.8349609375 -0.0012669617
5.8398437500 -0.0012479732
5.8447265625 -0.0012291099
5.8496093750 -0.0012103717
5.8544921875 -0.0011917581
5.8593750000 -0.0011732689
5.8642578125 -0.0011549037
5.8691406250 -0.0011366621
5.8740234375 -0.0011185439
5.8789062500 -0.0011005487
5.8837890625 -0.0010826762
5.8886718750 -0.0010649259
5.8935546875 -0.0010472976
5.8984375000 -0.0010297910
5.9033203125 -0.0010124056
5.9082031250 -0.0009951411
5.9130859375 -0.0009779972
5.9179687500 -0.0009609735
5.9228515625 -0.0009440696
5.9277343750 -0.0009272852
5.9326171875 -0.0009106199
5.9375000000 -0.0008940733
5.9423828125 -0.0008776451
5.9472656250 -0.0008613350
5.9521484375 -0.0008451424
5.9570312500 -0.0008290671
5.9619140625 -0.0008131087
5.9667968750 -0.0007972668
5.9716796875 -0.0007815411
5.9765625000 -0.0007659310
5.9814453125 -0.0007504363
5.9863281250 -0.0007350566
5.9912109375 -0.0007197915
5.9960937500 -0.0007046406
6.0009765625 -0.0006896034
6.0058593750 -0.0006746797
6.0107421875 -0.0006598690
6.0156250000 -0.0006451709
6.0205078125 -0.0006305850
6.0253906250 -0.0006161110
6.0302734375 -0.0006017484
6.0351562500 -0.0005874968
6.0400390625 -0.0005733558
6.0449218750 -0.0005593250
6.0498046875 -0.0005454041
6.0546875000 -0.0005315925
6.0595703125 -0.0005178900
6.0644531250 -0.0005042960
6.0693359375 -0.0004908103
6.0742187500 -0.0004774323
6.0791015625 -0.0004641616
6.0839843750 -0.0004509979
6.0888671875 -0.0004379407
6.0937500000 -0.0004249896
6.0986328125 -0.0004121442
6.1035156250 -0.0003994041
6.1083984375 -0.0003867688
6.1132812500 -0.0003742380
6.1181640625 -0.0003618112
6.1230468750 -0.0003494880
6.1279296875 -0.0003372680
6.1328125000 -0.0003251507
6.1376953125 -0.0003131358
6.1425781250 -0.0003012227
6.1474609375 -0.0002894112
6.1523437500 -0.0002777006
6.1572265625 -0.0002660908
6.1621093750 -0.0002545811
6.1669921875 -0.0002431712
6.1718750000 -0.0002318606
6.1767578125 -0.0002206489
6.1816406250 -0.0002095358
6.1865234375 -0.0001985206
6.1914062500 -0.0001876031
6.1962890625 -0.0001767829
6.2011718750 -0.0001660593
6.2060546875 -0.0001554321
6.2109375000 -0.0001449008
6.2158203125 -0.0001344650
6.2207031250 -0.0001241242
6.2255859375 -0.0001138780
6.2304687500 -0.0001037260
6.2353515625 -0.0000936677
6.2402343750 -0.0000837027
6.2451171875 -0.0000738306
6.2500000000 -0.0000640509
6.2548828125 -0.0000543633
6.2597656250 -0.0000447672
6.2646484375 -0.0000352622
6.2695312500 -0.0000258479
6.2744140625 -0.0000165239
6.2792968750 -0.0000072897
6.2841796875 0.0000018551
6.2890625000 0.0000109110
6.2939453125 0.0000198783
6.2988281250 0.0000287575
6.3037109375 0.0000375491
6.3085937500 0.0000462534
6.3134765625 0.0000548710
6.3183593750 0.0000634022
6.3232421875 0.0000718475
6.3281250000 0.0000802074
6.3330078125 0.0000884821
6.3378906250 0.0000966723
6.3427734375 0.0001047783
6.3476562500 0.0001128005
6.3525390625 0.0001207394
6.3574218750 0.0001285955
6.3623046875 0.0001363691
6.3671875000 0.0001440607
6.3720703125 0.0001516707
6.3769531250 0.0001591995
6.3818359375 0.0001666476
6.3867187500 0.0001740155
6.3916015625 0.0001813034
6.3964843750 0.0001885120
6.4013671875 0.0001956415
6.4062500000 0.0002026925
6.4111328125 0.0002096653
6.4160156250 0.0002165605
6.4208984375 0.0002233783
6.4257812500 0.0002301193
6.4306640625 0.0002367839
6.4355468750 0.0002433724
6.4404296875 0.0002498854
6.4453125000 0.0002563232
6.4501953125 0.0002626863
6.4550781250 0.0002689751
6.4599609375 0.0002751901
6.4648437500 0.0002813315
6.4697265625 0.0002874000
6.4746093750 0.0002933958
6.4794921875 0.0002993194
6.4843750000 0.0003051713
6.4892578125 0.0003109518
6.4941406250 0.0003166614
6.4990234375 0.0003223004
6.5039062500 0.0003278694
6.5087890625 0.0003333687
6.5136718750 0.0003387988
6.5185546875 0.0003441599
6.5234375000 0.0003494527
6.5283203125 0.0003546774
6.5332031250 0.0003598346
6.5380859375 0.0003649245
6.5429687500 0.0003699477
6.5478515625 0.0003749045
6.5527343750 0.0003797953
6.5576171875 0.0003846206
6.5625000000 0.0003893807
6.5673828125 0.0003940761
6.5722656250 0.0003987072
6.5771484375 0.0004032744
6.5820312500 0.0004077780
6.5869140625 0.0004122185
6.5917968750 0.0004165963
6.5966796875 0.0004209118
6.6015625000 0.0004251654
6.6064453125 0.0004293574
6.6113281250 0.0004334884
6.6162109375 0.0004375586
6.6210937500 0.0004415685
6.6259765625 0.0004455185
6.6308593750 0.0004494090
6.6357421875 0.0004532403
6.6406250000 0.0004570129
6.6455078125 0.0004607272
6.6503906250 0.0004643835
6.6552734375 0.0004679822
6.6601562500 0.0004715237
6.6650390625 0.0004750085
6.6699218750 0.0004784368
6.6748046875 0.0004818092
6.6796875000 0.0004851258
6.6845703125 0.0004883873
6.6894531250 0.0004915939
6.6943359375 0.0004947459
6.6992187500 0.0004978439
6.7041015625 0.0005008882
6.7089843750 0.0005038791
6.7138671875 0.0005068170
6.7187500000 0.0005097023
6.7236328125 0.0005125354
6.7285156250 0.0005153166
6.7333984375 0.0005180464
6.7382812500 0.0005207250
6.7431640625 0.0005233529
6.7480468750 0.0005259305
6.7529296875 0.0005284580
6.7578125000 0.0005309359
6.7626953125 0.0005333645
6.7675781250 0.0005357442
6.7724609375 0.0005380754
6.7773437500 0.0005403583
6.7822265625 0.0005425935
6.7871093750 0.0005447811
6.7919921875 0.0005469217
6.7968750000 0.0005490155
6.8017578125 0.0005510629
6.8066406250 0.0005530643
6.8115234375 0.0005550200
6.8164062500 0.0005569303
6.8212890625 0.0005587956
6.8261718750 0.0005606163
6.8310546875 0.0005623927
6.8359375000 0.0005641252
6.8408203125 0.0005658140
6.8457031250 0.0005674596
6.8505859375 0.0005690623
6.8554687500 0.0005706224
6.8603515625 0.0005721402
6.8652343750 0.0005736162
6.8701171875 0.0005750505
6.8750000000 0.0005764437
6.8798828125 0.0005777960
6.8847656250 0.0005791077
6.8896484375 0.0005803792
6.8945312500 0.0005816108
6.8994140625 0.0005828028
6.9042968750 0.0005839556
6.9091796875 0.0005850694
6.9140625000 0.0005861447
6.9189453125 0.0005871817
6.9238281250 0.0005881808
6.9287109375 0.0005891423
6.9335937500 0.0005900664
6.9384765625 0.0005909536
6.9433593750 0.0005918041
6.9482421875 0.0005926183
6.9531250000 0.0005933964
6.9580078125 0.0005941388
6.9628906250 0.0005948459
6.9677734375 0.0005955178
6.9726562500 0.0005961549
6.9775390625 0.0005967575
6.9824218750 0.0005973260
6.9873046875 0.0005978606
6.9921875000 0.0005983616
6.9970703125 0.0005988294
7.0019531250 0.0005992642
7.0068359375 0.0005996664
7.0117187500 0.0006000362
7.0166015625 0.0006003739
7.0214843750 0.0006006798
7.0263671875 0.0006009543
7.0312500000 0.0006011976
7.0361328125 0.0006014100
7.0410156250 0.0006015918
7.0458984375 0.0006017433
7.0507812500 0.0006018648
7.0556640625 0.0006019565
7.0605468750 0.0006020187
7.0654296875 0.0006020518
7.0703125000 0.0006020560
7.0751953125 0.0006020316
7.0800781250 0.0006019789
7.0849609375 0.0006018981
7.0898437500 0.0006017895
7.0947265625 0.0006016535
7.0996093750 0.0006014902
7.1044921875 0.0006012999
7.1093750000 0.0006010830
7.1142578125 0.0006008397
7.1191406250 0.0006005702
7.1240234375 0.0006002748
7.1289062500 0.0005999538
7.1337890625 0.0005996075
7.1386718750 0.0005992361
7.1435546875 0.0005988398
7.1484375000 0.0005984190
7.1533203125 0.0005979739
7.1582031250 0.0005975047
7.1630859375 0.0005970118
7.1679687500 0.0005964953
7.1728515625 0.0005959555
7.1777343750 0.0005953927
7.1826171875 0.0005948071
7.1875000000 0.0005941990
7.1923828125 0.0005935685
7.1972656250 0.0005929161
7.2021484375 0.0005922418
7.2070312500 0.0005915460
7.2119140625 0.0005908289
7.2167968750 0.0005900907
7.2216796875 0.0005893317
7.2265625000 0.0005885522
7.2314453125 0.0005877522
7.2363281250 0.0005869322
7.2412109375 0.0005860922
7.2460937500 0.0005852326
7.2509765625 0.0005843536
7.2558593750 0.0005834554
7.2607421875 0.0005825383
7.2656250000 0.0005816024
7.2705078125 0.0005806480
7.2753906250 0.0005796754
7.2802734375 0.0005786847
7.2851562500 0.0005776761
7.2900390625 0.0005766500
7.2949218750 0.0005756064
7.2998046875 0.0005745457
7.3046875000 0.0005734680
7.3095703125 0.0005723736
7.3144531250 0.0005712627
7.3193359375 0.0005701354
7.3242187500 0.0005689921
7.3291015625 0.0005678329
7.3339843750 0.0005666580
7.3388671875 0.0005654676
7.3437500000 0.0005642619
7.3486328125 0.0005630412
7.3535156250 0.0005618057
7.3583984375 0.0005605554
7.3632812500 0.0005592908
7.3681640625 0.0005580119
7.3730468750 0.0005567189
7.3779296875 0.0005554121
7.3828125000 0.0005540916
7.3876953125 0.0005527577
7.3925781250 0.0005514105
7.3974609375 0.0005500503
7.4023437500 0.0005486771
7.4072265625 0.0005472913
7.4121093750 0.0005458929
7.4169921875 0.0005444823
7.4218750000 0.0005430595
7.4267578125 0.0005416248
7.4316406250 0.0005401783
7.4365234375 0.0005387202
7.4414062500 0.0005372508
7.4462890625 0.0005357701
7.4511718750 0.0005342784
7.4560546875 0.0005327759
7.4609375000 0.0005312626
7.4658203125 0.0005297389
7.4707031250 0.0005282048
7.4755859375 0.0005266606
7.4804687500 0.0005251064
7.4853515625 0.0005235424
7.4902343750 0.0005219687
7.4951171875 0.0005203856
7.5000000000 0.0005187931
7.5048828125 0.0005171915
7.5097656250 0.0005155810
7.5146484375 0.0005139616
7.5195312500 0.0005123336
7.5244140625 0.0005106971
7.5292968750 0.0005090522
7.5341796875 0.0005073992
7.5390625000 0.0005057382
7.5439453125 0.0005040693
7.5488281250 0.0005023927
7.5537109375 0.0005007086
7.5585937500 0.0004990170
7.5634765625 0.0004973183
7.5683593750 0.0004956124
7.5732421875 0.0004938996
7.5781250000 0.0004921800
7.5830078125 0.0004904538
7.5878906250 0.0004887211
7.5927734375 0.0004869820
7.5976562500 0.0004852367
7.6025390625 0.0004834853
7.6074218750 0.0004817281
7.6123046875 0.0004799650
7.6171875000 0.0004781963
7.6220703125 0.0004764221
7.6269531250 0.0004746426
7.6318359375 0.0004728578
7.6367187500 0.0004710679
7.6416015625 0.0004692730
7.6464843750 0.0004674734
7.6513671875 0.0004656690
7.6562500000 0.0004638601
7.6611328125 0.0004620467
7.6660156250 0.0004602291
7.6708984375 0.0004584072
7.6757812500 0.0004565813
7.6806640625 0.0004547515
7.6855468750 0.0004529179
7.6904296875 0.0004510807
7.6953125000 0.0004492399
7.7001953125 0.0004473956
7.7050781250 0.0004455481
7.7099609375 0.0004436973
7.7148437500 0.0004418435
7.7197265625 0.0004399867
7.7246093750 0.0004381271
7.7294921875 0.0004362648
7.7343750000 0.0004343999
7.7392578125 0.0004325325
7.7441406250 0.0004306627
7.7490234375 0.0004287907
7.7539062500 0.0004269165
7.7587890625 0.0004250402
7.7636718750 0.0004231621
7.7685546875 0.0004212820
7.7734375000 0.0004194003
7.7783203125 0.0004175170
7.7832031250 0.0004156321
7.7880859375 0.0004137459
7.7929687500 0.0004118583
7.7978515625 0.0004099696
7.8027343750 0.0004080797
7.8076171875 0.0004061888
7.8125000000 0.0004042971
7.8173828125 0.0004024045
7.8222656250 0.0004005113
7.8271484375 0.0003986174
7.8320312500 0.0003967230
7.8369140625 0.0003948282
7.8417968750 0.0003929331
7.8466796875 0.0003910378
7.8515625000 0.0003891423
7.8564453125 0.0003872468
7.8613281250 0.0003853513
7.8662109375 0.0003834560
7.8710937500 0.0003815609
7.8759765625 0.0003796661
7.8808593750 0.0003777717
7.8857421875 0.0003758777
7.8906250000 0.0003739844
7.8955078125 0.0003720917
7.9003906250 0.0003701997
7.9052734375 0.0003683086
7.9101562500 0.0003664183
7.9150390625 0.0003645291
7.9199218750 0.0003626409
7.9248046875 0.0003607538
7.9296875000 0.0003588680
7.9345703125 0.0003569835
7.9394531250 0.0003551003
7.9443359375 0.0003532186
7.9492187500 0.0003513384
7.9541015625 0.0003494598
7.9589843750 0.0003475829
7.9638671875 0.0003457078
7.9687500000 0.0003438344
7.9736328125 0.0003419630
7.9785156250 0.0003400935
7.9833984375 0.0003382260
7.9882812500 0.0003363606
7.9931640625 0.0003344974
7.9980468750 0.0003326365
8.0029296875 0.0003307778
8.0078125000 0.0003289215
8.0126953125 0.0003270676
8.0175781250 0.0003252163
8.0224609375 0.0003233675
8.0273437500 0.0003215213
8.0322265625 0.0003196778
8.0371093750 0.0003178370
8.0419921875 0.0003159991
8.0468750000 0.0003141640
8.0517578125 0.0003123318
8.0566406250 0.0003105027
8.0615234375 0.0003086765
8.0664062500 0.0003068535
8.0712890625 0.0003050336
8.0761718750 0.0003032170
8.0810546875 0.0003014036
8.0859375000 0.0002995935
8.0908203125 0.0002977868
8.0957031250 0.0002959835
8.1005859375 0.0002941837
8.1054687500 0.0002923875
8.1103515625 0.0002905948
8.1152343750 0.0002888057
8.1201171875 0.0002870204
8.1250000000 0.0002852387
8.1298828125 0.0002834609
8.1347656250 0.0002816869
8.1396484375 0.0002799167
8.1445312500 0.0002781505
8.1494140625 0.0002763882
8.1542968750 0.0002746299
8.1591796875 0.0002728757
8.1640625000 0.0002711256
8.1689453125 0.0002693797
8.1738281250 0.0002676379
8.1787109375 0.0002659003
8.1835937500 0.0002641670
8.1884765625 0.0002624381
8.1933593750 0.0002607134
8.1982421875 0.0002589932
8.2031250000 0.0002572774
8.2080078125 0.0002555661
8.2128906250 0.0002538592
8.2177734375 0.0002521569
8.2226562500 0.0002504592
8.2275390625 0.0002487661
8.2324218750 0.0002470777
8.2373046875 0.0002453939
8.2421875000 0.0002437148
8.2470703125 0.0002420405
8.2519531250 0.0002403710
8.2568359375 0.0002387063
8.2617187500 0.0002370465
8.2666015625 0.0002353915
8.2714843750 0.0002337415
8.2763671875 0.0002320964
8.2812500000 0.0002304562
8.2861328125 0.0002288211
8.2910156250 0.0002271910
8.2958984375 0.0002255660
8.3007812500 0.0002239460
8.3056640625 0.0002223312
8.3105468750 0.0002207215
8.3154296875 0.0002191170
8.3203125000 0.0002175177
8.3251953125 0.0002159236
8.3300781250 0.0002143347
8.3349609375 0.0002127512
8.3398437500 0.0002111729
8.3447265625 0.0002095999
8.3496093750 0.0002080323
8.3544921875 0.0002064700
8.3593750000 0.0002049131
8.3642578125 0.0002033616
8.3691406250 0.0002018156
8.3740234375 0.0002002750
8.3789062500 0.0001987398
8.3837890625 0.0001972102
8.3886718750 0.0001956861
8.3935546875 0.0001941674
8.3984375000 0.0001926544
8.4033203125 0.0001911469
8.4082031250 0.0001896450
8.4130859375 0.0001881486
8.4179687500 0.0001866579
8.4228515625 0.0001851728
8.4277343750 0.0001836934
8.4326171875 0.0001822196
8.4375000000 0.0001807515
8.4423828125 0.0001792891
8.4472656250 0.0001778324
8.4521484375 0.0001763814
8.4570312500 0.0001749361
8.4619140625 0.0001734966
8.4667968750 0.0001720629
8.4716796875 0.0001706349
8.4765625000 0.0001692127
8.4814453125 0.0001677963
8.4863281250 0.0001663856
8.4912109375 0.0001649808
8.4960937500 0.0001635819
8.5009765625 0.0001621887
8.5058593750 0.0001608014
8.5107421875 0.0001594200
8.5156250000 0.0001580444
8.5205078125 0.0001566747
8.5253906250 0.0001553108
8.5302734375 0.0001539528
8.5351562500 0.0001526008
8.5400390625 0.0001512546
8.5449218750 0.0001499143
8.5498046875 0.0001485800
8.5546875000 0.0001472516
8.5595703125 0.0001459290
8.5644531250 0.0001446125
8.5693359375 0.0001433018
8.5742187500 0.0001419971
8.5791015625 0.0001406983
8.5839843750 0.0001394055
8.5888671875 0.0001381186
8.5937500000 0.0001368377
8.5986328125 0.0001355627
8.6035156250 0.0001342937
8.6083984375 0.0001330306
8.6132812500 0.0001317735
8.6181640625 0.0001305224
8.6230468750 0.0001292772
8.6279296875 0.0001280380
8.6328125000 0.0001268048
8.6376953125 0.0001255775
8.6425781250 0.0001243562
8.6474609375 0.0001231409
8.6523437500 0.0001219315
8.6572265625 0.0001207281
8.6621093750 0.0001195307
8.6669921875 0.0001183393
8.6718750000 0.0001171538
8.6767578125 0.0001159742
8.6816406250 0.0001148006
8.6865234375 0.0001136330
8.6914062500 0.0001124713
8.6962890625 0.0001113156
8.7011718750 0.0001101659
8.7060546875 0.0001090221
8.7109375000 0.0001078842
8.7158203125 0.0001067522
8.7207031250 0.0001056262
8.7255859375 0.0001045062
8.7304687500 0.0001033920
8.7353515625 0.0001022838
8.7402343750 0.0001011815
8.7451171875 0.0001000851
8.7500000000 0.0000989946
8.7548828125 0.0000979100
8.7597656250 0.0000968313
8.7646484375 0.0000957585
8.7695312500 0.0000946916
8.7744140625 0.0000936305
8.7792968750 0.0000925753
8.7841796875 0.0000915260
8.7890625000 0.0000904825
8.7939453125 0.0000894449
8.7988281250 0.0000884131
8.8037109375 0.0000873872
8.8085937500 0.0000863671
8.8134765625 0.0000853527
8.8183593750 0.0000843442
8.8232421875 0.0000833415
8.8281250000 0.0000823446
8.8330078125 0.0000813535
8.8378906250 0.0000803681
8.8427734375 0.0000793885
8.8476562500 0.0000784147
8.8525390625 0.0000774466
8.8574218750 0.0000764842
8.8623046875 0.0000755275
8.8671875000 0.0000745766
8.8720703125 0.0000736314
8.8769531250 0.0000726918
8.8818359375 0.0000717580
8.8867187500 0.0000708298
8.8916015625 0.0000699072
8.8964843750 0.0000689904
8.9013671875 0.0000680791
8.9062500000 0.0000671735
8.9111328125 0.0000662735
8.9160156250 0.0000653791
8.9208984375 0.0000644903
8.9257812500 0.0000636070
8.9306640625 0.0000627294
8.9355468750 0.0000618572
8.9404296875 0.0000609907
8.9453125000 0.0000601296
8.9501953125 0.0000592741
8.9550781250 0.0000584240
8.9599609375 0.0000575795
8.9648437500 0.0000567404
8.9697265625 0.0000559068
8.9746093750 0.0000550786
8.9794921875 0.0000542559
8.9843750000 0.0000534386
8.9892578125 0.0000526267
8.9941406250 0.0000518202
8.9990234375 0.0000510190
9.0039062500 0.0000502233
9.0087890625 0.0000494329
9.0136718750 0.0000486478
9.0185546875 0.0000478680
9.0234375000 0.0000470936
9.0283203125 0.0000463244
9.0332031250 0.0000455605
9.0380859375 0.0000448019
9.0429687500 0.0000440485
9.0478515625 0.0000433004
9.0527343750 0.0000425575
9.0576171875 0.0000418197
9.0625000000 0.0000410872
9.0673828125 0.0000403598
9.0722656250 0.0000396376
9.0771484375 0.0000389205
9.0820312500 0.0000382086
9.0869140625 0.0000375017
9.0917968750 0.0000367999
9.0966796875 0.0000361032
9.1015625000 0.0000354116
9.1064453125 0.0000347250
9.1113281250 0.0000340434
9.1162109375 0.0000333669
9.1210937500 0.0000326953
9.1259765625 0.0000320287
9.1308593750 0.0000313671
9.1357421875 0.0000307104
9.1406250000 0.0000300586
9.1455078125 0.0000294118
9.1503906250 0.0000287698
9.1552734375 0.0000281327
9.1601562500 0.0000275004
9.1650390625 0.0000268730
9.1699218750 0.0000262505
9.1748046875 0.0000256327
9.1796875000 0.0000250197
9.1845703125 0.0000244115
9.1894531250 0.0000238080
9.1943359375 0.0000232093
9.1992187500 0.0000226153
9.2041015625 0.0000220260
9.2089843750 0.0000214413
9.2138671875 0.0000208614
9.2187500000 0.0000202860
9.2236328125 0.0000197153
9.2285156250 0.0000191493
9.2333984375 0.0000185878
9.2382812500 0.0000180309
9.2431640625 0.0000174785
9.2480468750 0.0000169307
9.2529296875 0.0000163874
9.2578125000 0.0000158486
9.2626953125 0.0000153143
9.2675781250 0.0000147844
9.2724609375 0.0000142590
9.2773437500 0.0000137380
9.2822265625 0.0000132215
9.2871093750 0.0000127093
9.2919921875 0.0000122015
9.2968750000 0.0000116981
9.3017578125 0.0000111990
9.3066406250 0.0000107042
9.3115234375 0.0000102137
9.3164062500 0.0000097275
9.3212890625 0.0000092456
9.3261718750 0.0000087679
9.3310546875 0.0000082944
9.3359375000 0.0000078252
9.3408203125 0.0000073601
9.3457031250 0.0000068992
9.3505859375 0.0000064424
9.3554687500 0.0000059898
9.3603515625 0.0000055413
9.3652343750 0.0000050969
9.3701171875 0.0000046566
9.3750000000 0.0000042203
9.3798828125 0.0000037881
9.3847656250 0.0000033599
9.3896484375 0.0000029357
9.3945312500 0.0000025155
9.3994140625 0.0000020992
9.4042968750 0.0000016869
9.4091796875 0.0000012785
9.4140625000 0.0000008740
9.4189453125 0.0000004734
9.4238281250 0.0000000767
9.4287109375 -0.0000003161
9.4335937500 -0.0000007052
9.4384765625 -0.0000010904
9.4433593750 -0.0000014718
9.4482421875 -0.0000018495
9.4531250000 -0.0000022234
9.4580078125 -0.0000025935
9.4628906250 -0.0000029599
9.4677734375 -0.0000033227
9.4726562500 -0.0000036817
9.4775390625 -0.0000040371
9.4824218750 -0.0000043888
9.4873046875 -0.0000047369
9.4921875000 -0.0000050814
9.4970703125 -0.0000054224
9.5019531250 -0.0000057597
9.5068359375 -0.0000060935
9.5117187500 -0.0000064238
9.5166015625 -0.0000067505
9.5214843750 -0.0000070738
9.5263671875 -0.0000073935
9.5312500000 -0.0000077098
9.5361328125 -0.0000080227
9.5410156250 -0.0000083322
9.5458984375 -0.0000086382
9.5507812500 -0.0000089409
9.5556640625 -0.0000092402
9.5605468750 -0.0000095361
9.5654296875 -0.0000098288
9.5703125000 -0.0000101181
9.5751953125 -0.0000104041
9.5800781250 -0.0000106868
9.5849609375 -0.0000109663
9.5898437500 -0.0000112426
9.5947265625 -0.0000115156
9.5996093750 -0.0000117855
9.6044921875 -0.0000120521
9.6093750000 -0.0000123156
9.6142578125 -0.0000125760
9.6191406250 -0.0000128332
9.6240234375 -0.0000130873
9.6289062500 -0.0000133383
9.6337890625 -0.0000135863
9.6386718750 -0.0000138312
9.6435546875 -0.0000140731
9.6484375000 -0.0000143119
9.6533203125 -0.0000145477
9.6582031250 -0.0000147806
9.6630859375 -0.0000150105
9.6679687500 -0.0000152375
9.6728515625 -0.0000154615
9.6777343750 -0.0000156826
9.6826171875 -0.0000159008
9.6875000000 -0.0000161161
9.6923828125 -0.0000163286
9.6972656250 -0.0000165383
9.7021484375 -0.0000167451
9.7070312500 -0.0000169491
9.7119140625 -0.0000171503
9.7167968750 -0.0000173488
9.7216796875 -0.0000175445
9.7265625000 -0.0000177375
9.7314453125 -0.0000179278
9.7363281250 -0.0000181153
9.7412109375 -0.0000183002
9.7460937500 -0.0000184824
9.7509765625 -0.0000186620
9.7558593750 -0.0000188389
9.7607421875 -0.0000190132
9.7656250000 -0.0000191849
9.7705078125 -0.0000193541
9.7753906250 -0.0000195207
9.7802734375 -0.0000196847
9.7851562500 -0.0000198462
9.7900390625 -0.0000200052
9.7949218750 -0.0000201617
9.7998046875 -0.0000203157
9.8046875000 -0.0000204673
9.8095703125 -0.0000206164
9.8144531250 -0.0000207631
9.8193359375 -0.0000209074
9.8242187500 -0.0000210493
9.8291015625 -0.0000211888
9.8339843750 -0.0000213260
9.8388671875 -0.0000214608
9.8437500000 -0.0000215932
9.8486328125 -0.0000217234
9.8535156250 -0.0000218513
9.8583984375 -0.0000219769
9.8632812500 -0.0000221002
9.8681640625 -0.0000222213
9.8730468750 -0.0000223401
9.8779296875 -0.0000224567
9.8828125000 -0.0000225712
9.8876953125 -0.0000226834
9.8925781250 -0.0000227935
9.8974609375 -0.0000229014
9.9023437500 -0.0000230072
9.9072265625 -0.0000231109
9.9121093750 -0.0000232125
9.9169921875 -0.0000233120
9.9218750000 -0.0000234094
9.9267578125 -0.0000235047
9.9316406250 -0.0000235980
9.9365234375 -0.0000236893
9.9414062500 -0.0000237786
9.9462890625 -0.0000238659
9.9511718750 -0.0000239512
9.9560546875 -0.0000240345
9.9609375000 -0.0000241159
9.9658203125 -0.0000241953
9.9707031250 -0.0000242729
9.9755859375 -0.0000243485
9.9804687500 -0.0000244222
9.9853515625 -0.0000244941
9.9902343750 -0.0000245641
9.9951171875 -0.0000246322
10.0000000000 -0.0000246985
