0 0.5 0.312046 0.170634 0.0853557 0.0406102 0.0188383 0.00863365 0.00393467 0.00178856 0.000812059 0.000368503 0.000167181 7.58382e-05 3.44006e-05 1.56039e-05 7.07779e-06 3.2104e-06
0.005 0.50375 0.315276 0.172768 0.086534 0.0411987 0.0191175 0.00876299 0.0039939 0.00181554 0.000824322 0.00037407 0.000169708 7.69842e-05 3.49205e-05 1.58398e-05 7.18476e-06 3.25892e-06
0.01 0.507499 0.318523 0.174922 0.0877271 0.0417953 0.0194008 0.00889425 0.00405401 0.00184293 0.00083677 0.000379721 0.000172272 7.81476e-05 3.54482e-05 1.60791e-05 7.29334e-06 3.30817e-06
0.015 0.511248 0.321787 0.177097 0.088935 0.0424002 0.0196883 0.00902745 0.00411503 0.00187073 0.000849405 0.000385457 0.000174875 7.93286e-05 3.59839e-05 1.63221e-05 7.40357e-06 3.35817e-06
0.02 0.514996 0.32507 0.179294 0.0901579 0.0430134 0.0199799 0.00916264 0.00417696 0.00189895 0.000862231 0.000391281 0.000177518 8.05274e-05 3.65277e-05 1.65688e-05 7.51546e-06 3.40892e-06
0.025 0.518741 0.328369 0.181512 0.0913959 0.0436351 0.0202757 0.00929982 0.00423982 0.00192759 0.000875251 0.000397192 0.0001802 8.17443e-05 3.70798e-05 1.68192e-05 7.62904e-06 3.46044e-06
0.03 0.522485 0.331686 0.183751 0.0926492 0.0442654 0.0205758 0.00943905 0.00430362 0.00195666 0.000888467 0.000403192 0.000182923 8.29796e-05 3.76401e-05 1.70734e-05 7.74433e-06 3.51274e-06
0.035 0.526226 0.335019 0.186011 0.093918 0.0449043 0.0208803 0.00958033 0.00436838 0.00198618 0.000901882 0.000409283 0.000185687 8.42336e-05 3.8209e-05 1.73314e-05 7.86137e-06 3.56583e-06
0.04 0.529964 0.338369 0.188293 0.0952022 0.045552 0.0211892 0.00972371 0.0044341 0.00201613 0.0009155 0.000415466 0.000188493 8.55065e-05 3.87864e-05 1.75934e-05 7.98018e-06 3.61972e-06
0.045 0.533699 0.341736 0.190597 0.0965022 0.0462087 0.0215025 0.00986922 0.00450081 0.00204654 0.000929323 0.000421742 0.000191341 8.67986e-05 3.93725e-05 1.78592e-05 8.10079e-06 3.67442e-06
0.05 0.53743 0.345118 0.192921 0.0978179 0.0468743 0.0218204 0.0100169 0.00456852 0.00207741 0.000943354 0.000428113 0.000194232 8.81103e-05 3.99676e-05 1.81291e-05 8.22321e-06 3.72996e-06
0.055 0.541157 0.348516 0.195268 0.0991497 0.047549 0.0221429 0.0101667 0.00463725 0.00210874 0.000957598 0.000434581 0.000197167 8.94418e-05 4.05716e-05 1.84031e-05 8.34749e-06 3.78633e-06
0.06 0.544879 0.351929 0.197635 0.100498 0.048233 0.02247 0.0103188 0.004707 0.00214054 0.000972056 0.000441146 0.000200146 9.07934e-05 4.11847e-05 1.86812e-05 8.47365e-06 3.84355e-06
0.065 0.548596 0.355358 0.200025 0.101862 0.0489262 0.0228019 0.0104731 0.0047778 0.00217282 0.000986732 0.00044781 0.00020317 9.21655e-05 4.18071e-05 1.89636e-05 8.60171e-06 3.90164e-06
0.07 0.552308 0.358802 0.202436 0.103242 0.049629 0.0231385 0.0106297 0.00484966 0.00220558 0.00100163 0.000454574 0.00020624 9.35582e-05 4.24389e-05 1.92502e-05 8.7317e-06 3.9606e-06
0.075 0.556014 0.36226 0.204869 0.104639 0.0503413 0.02348 0.0107886 0.00492259 0.00223884 0.00101675 0.000461441 0.000209356 9.4972e-05 4.30803e-05 1.95411e-05 8.86367e-06 4.02046e-06
0.08 0.559714 0.365732 0.207323 0.106053 0.0510632 0.0238264 0.0109499 0.00499661 0.0022726 0.0010321 0.000468412 0.00021252 9.64072e-05 4.37313e-05 1.98364e-05 8.99762e-06 4.08122e-06
0.085 0.563407 0.369219 0.209799 0.107483 0.051795 0.0241778 0.0111135 0.00507174 0.00230687 0.00104768 0.000475488 0.000215731 9.78641e-05 4.43922e-05 2.01362e-05 9.1336e-06 4.1429e-06
0.09 0.567093 0.372719 0.212296 0.108931 0.0525366 0.0245342 0.0112796 0.005148 0.00234165 0.0010635 0.00048267 0.00021899 9.9343e-05 4.50631e-05 2.04405e-05 9.27164e-06 4.20551e-06
0.095 0.570772 0.376233 0.214816 0.110395 0.0532883 0.0248958 0.0114481 0.00522539 0.00237695 0.00107956 0.000489961 0.000222299 0.000100844 4.57441e-05 2.07494e-05 9.41176e-06 4.26907e-06
0.1 0.574443 0.379759 0.217356 0.111877 0.0540501 0.0252625 0.0116191 0.00530395 0.00241279 0.00109585 0.000497362 0.000225658 0.000102368 4.64354e-05 2.1063e-05 9.554e-06 4.33359e-06
0.105 0.578105 0.383299 0.219919 0.113376 0.0548222 0.0256345 0.0117926 0.00538367 0.00244917 0.0011124 0.000504875 0.000229068 0.000103915 4.71371e-05 2.13813e-05 9.69839e-06 4.39908e-06
0.11 0.581759 0.386851 0.222503 0.114893 0.0556047 0.0260118 0.0119687 0.00546459 0.00248609 0.00112919 0.000512502 0.000232529 0.000105485 4.78495e-05 2.17044e-05 9.84496e-06 4.46556e-06
0.115 0.585405 0.390415 0.225109 0.116427 0.0563976 0.0263946 0.0121474 0.00554672 0.00252357 0.00114624 0.000520243 0.000236042 0.000107079 4.85726e-05 2.20325e-05 9.99374e-06 4.53305e-06
0.12 0.58904 0.39399 0.227736 0.117979 0.0572012 0.0267828 0.0123287 0.00563008 0.00256161 0.00116354 0.000528101 0.000239609 0.000108698 4.93066e-05 2.23654e-05 1.01448e-05 4.60156e-06
0.125 0.592667 0.397577 0.230385 0.119549 0.0580156 0.0271766 0.0125127 0.00571468 0.00260022 0.0011811 0.000536078 0.000243229 0.00011034 5.00518e-05 2.27034e-05 1.02981e-05 4.6711e-06
0.13 0.596283 0.401176 0.233055 0.121137 0.0588408 0.027576 0.0126994 0.00580055 0.00263941 0.00119893 0.000544176 0.000246904 0.000112007 5.08082e-05 2.30465e-05 1.04537e-05 4.7417e-06
0.135 0.599888 0.404784 0.235747 0.122743 0.0596769 0.0279811 0.0128889 0.00588769 0.0026792 0.00121703 0.000552395 0.000250635 0.0001137 5.1576e-05 2.33948e-05 1.06117e-05 4.81336e-06
0.14 0.603483 0.408403 0.23846 0.124367 0.0605243 0.0283919 0.0130811 0.00597614 0.00271958 0.0012354 0.000560739 0.000254422 0.000115418 5.23554e-05 2.37484e-05 1.07721e-05 4.8861e-06
0.145 0.607067 0.412033 0.241195 0.12601 0.0613828 0.0288087 0.0132762 0.00606591 0.00276057 0.00125405 0.000569209 0.000258266 0.000117162 5.31466e-05 2.41073e-05 1.09349e-05 4.95995e-06
0.15 0.610639 0.415671 0.243951 0.127671 0.0622528 0.0292313 0.0134742 0.00615702 0.00280217 0.00127298 0.000577806 0.000262168 0.000118933 5.39498e-05 2.44716e-05 1.11001e-05 5.03491e-06
0.155 0.6142 0.419319 0.246728 0.129351 0.0631342 0.02966 0.013675 0.00624949 0.0028444 0.00129219 0.000586533 0.000266129 0.00012073 5.47651e-05 2.48415e-05 1.12679e-05 5.111e-06
0.16 0.617748 0.422976 0.249527 0.13105 0.0640272 0.0300948 0.0138788 0.00634334 0.00288726 0.00131169 0.000595392 0.00027015 0.000122554 5.55927e-05 2.52169e-05 1.14382e-05 5.18824e-06
0.165 0.621284 0.426641 0.252346 0.132767 0.0649321 0.0305357 0.0140856 0.00643859 0.00293077 0.00133149 0.000604385 0.000274232 0.000124406 5.64329e-05 2.5598e-05 1.16111e-05 5.26665e-06
0.17 0.624806 0.430314 0.255187 0.134504 0.0658488 0.0309829 0.0142954 0.00653526 0.00297493 0.00135159 0.000613514 0.000278375 0.000126286 5.72857e-05 2.59848e-05 1.17865e-05 5.34625e-06
0.175 0.628316 0.433995 0.258048 0.13626 0.0667775 0.0314364 0.0145083 0.00663338 0.00301975 0.00137198 0.00062278 0.000282581 0.000128195 5.81514e-05 2.63775e-05 1.19647e-05 5.42704e-06
0.18 0.631812 0.437683 0.26093 0.138035 0.0677184 0.0318964 0.0147244 0.00673295 0.00306525 0.00139269 0.000632186 0.00028685 0.000130132 5.90302e-05 2.67762e-05 1.21455e-05 5.50906e-06
0.185 0.635295 0.441378 0.263833 0.139829 0.0686715 0.0323628 0.0149436 0.00683401 0.00311143 0.00141371 0.000641734 0.000291184 0.000132098 5.99223e-05 2.71808e-05 1.2329e-05 5.59232e-06
0.19 0.638763 0.44508 0.266757 0.141643 0.0696371 0.0328359 0.015166 0.00693658 0.00315831 0.00143504 0.000651427 0.000295583 0.000134094 6.08278e-05 2.75916e-05 1.25154e-05 5.67684e-06
0.195 0.642217 0.448788 0.269701 0.143477 0.0706152 0.0333156 0.0153917 0.00704067 0.00320589 0.0014567 0.000661265 0.000300049 0.000136121 6.17471e-05 2.80086e-05 1.27045e-05 5.76263e-06
0.2 0.645656 0.452501 0.272666 0.14533 0.071606 0.0338021 0.0156207 0.00714632 0.00325418 0.00147868 0.000671252 0.000304583 0.000138178 6.26802e-05 2.84319e-05 1.28965e-05 5.84972e-06
0.205 0.649081 0.45622 0.275651 0.147203 0.0726096 0.0342954 0.015853 0.00725354 0.0033032 0.001501 0.00068139 0.000309184 0.000140266 6.36274e-05 2.88615e-05 1.30914e-05 5.93813e-06
0.21 0.652489 0.459944 0.278656 0.149096 0.0736261 0.0347957 0.0160887 0.00736235 0.00335295 0.00152365 0.000691681 0.000313856 0.000142385 6.4589e-05 2.92977e-05 1.32893e-05 6.02787e-06
0.215 0.655883 0.463672 0.281681 0.151009 0.0746558 0.035303 0.0163279 0.00747279 0.00340345 0.00154664 0.000702127 0.000318597 0.000144537 6.5565e-05 2.97405e-05 1.34901e-05 6.11897e-06
0.22 0.65926 0.467404 0.284726 0.152942 0.0756987 0.0358174 0.0165706 0.00758487 0.00345471 0.00156997 0.000712731 0.000323411 0.000146721 6.65559e-05 3.01899e-05 1.3694e-05 6.21145e-06
0.225 0.662622 0.47114 0.287791 0.154896 0.0767549 0.036339 0.0168168 0.00769862 0.00350674 0.00159366 0.000723494 0.000328297 0.000148938 6.75617e-05 3.06462e-05 1.39009e-05 6.30532e-06
0.23 0.665967 0.474879 0.290875 0.156869 0.0778246 0.036868 0.0170666 0.00781406 0.00355955 0.00161771 0.00073442 0.000333257 0.000151188 6.85826e-05 3.11093e-05 1.4111e-05 6.40061e-06
0.235 0.669295 0.478621 0.293979 0.158864 0.078908 0.0374043 0.0173201 0.00793122 0.00361315 0.00164212 0.000745512 0.000338292 0.000153473 6.96191e-05 3.15795e-05 1.43243e-05 6.49734e-06
0.24 0.672607 0.482365 0.297101 0.160878 0.0800051 0.0379482 0.0175772 0.00805012 0.00366756 0.00166689 0.00075677 0.000343403 0.000155792 7.06712e-05 3.20567e-05 1.45407e-05 6.59554e-06
0.245 0.675902 0.486111 0.300243 0.162913 0.0811161 0.0384996 0.0178382 0.00817079 0.00372278 0.00169204 0.000768198 0.000348591 0.000158146 7.17391e-05 3.25412e-05 1.47605e-05 6.69522e-06
0.25 0.679179 0.489859 0.303404 0.164969 0.0822412 0.0390587 0.0181029 0.00829325 0.00377883 0.00171757 0.000779799 0.000353857 0.000160536 7.28233e-05 3.3033e-05 1.49836e-05 6.7964e-06
0.255 0.682438 0.493608 0.306584 0.167046 0.0833805 0.0396256 0.0183714 0.00841753 0.00383572 0.00174348 0.000791575 0.000359203 0.000162962 7.39238e-05 3.35322e-05 1.521e-05 6.89911e-06
0.26 0.68568 0.497358 0.309782 0.169144 0.0845341 0.0402004 0.0186439 0.00854366 0.00389346 0.00176979 0.000803528 0.00036463 0.000165424 7.50409e-05 3.40389e-05 1.54399e-05 7.00338e-06
0.265 0.688904 0.501108 0.312998 0.171262 0.0857022 0.0407832 0.0189203 0.00867166 0.00395207 0.00179649 0.000815662 0.000370138 0.000167924 7.61749e-05 3.45533e-05 1.56732e-05 7.10922e-06
0.27 0.69211 0.504857 0.316233 0.173402 0.0868849 0.0413741 0.0192008 0.00880156 0.00401156 0.00182359 0.000827979 0.00037573 0.000170461 7.7326e-05 3.50755e-05 1.59101e-05 7.21666e-06
0.275 0.695297 0.508607 0.319485 0.175562 0.0880823 0.0419731 0.0194853 0.00893339 0.00407194 0.0018511 0.000840482 0.000381406 0.000173037 7.84946e-05 3.56056e-05 1.61505e-05 7.32573e-06
0.28 0.698465 0.512355 0.322755 0.177744 0.0892947 0.0425804 0.019774 0.00906718 0.00413323 0.00187902 0.000853173 0.000387168 0.000175651 7.96808e-05 3.61437e-05 1.63946e-05 7.43644e-06
0.285 0.701615 0.516102 0.326043 0.179947 0.090522 0.0431961 0.0200668 0.00920295 0.00419543 0.00190736 0.000866056 0.000393017 0.000178306 8.08849e-05 3.66899e-05 1.66424e-05 7.54883e-06
0.29 0.704746 0.519847 0.329347 0.182171 0.0917645 0.0438204 0.0203639 0.00934073 0.00425857 0.00193613 0.000879134 0.000398955 0.000181 8.21072e-05 3.72444e-05 1.68939e-05 7.66291e-06
0.295 0.707857 0.52359 0.332669 0.184416 0.0930224 0.0444532 0.0206653 0.00948056 0.00432265 0.00196534 0.000892408 0.000404982 0.000183735 8.3348e-05 3.78073e-05 1.71492e-05 7.77872e-06
0.3 0.71095 0.52733 0.336007 0.186683 0.0942957 0.0450947 0.0209711 0.00962246 0.00438769 0.00199498 0.000905883 0.0004111 0.000186511 8.46076e-05 3.83786e-05 1.74084e-05 7.89628e-06
0.305 0.714022 0.531068 0.339362 0.188971 0.0955845 0.0457451 0.0212813 0.00976647 0.0044537 0.00202507 0.000919561 0.00041731 0.000189329 8.58861e-05 3.89586e-05 1.76715e-05 8.01562e-06
0.31 0.717075 0.534801 0.342733 0.191281 0.0968892 0.0464043 0.021596 0.00991261 0.00452071 0.00205561 0.000933445 0.000423614 0.00019219 8.7184e-05 3.95474e-05 1.79385e-05 8.13676e-06
0.315 0.720109 0.538531 0.34612 0.193612 0.0982096 0.0470726 0.0219152 0.0100609 0.00458872 0.00208661 0.000947539 0.000430014 0.000195094 8.85015e-05 4.0145e-05 1.82096e-05 8.25973e-06
0.32 0.723122 0.542257 0.349522 0.195965 0.0995461 0.0477501 0.022239 0.0102114 0.00465774 0.00211808 0.000961846 0.00043651 0.000198042 8.98389e-05 4.07517e-05 1.84848e-05 8.38456e-06
0.325 0.726115 0.545977 0.35294 0.198339 0.100899 0.0484368 0.0225675 0.0103641 0.0047278 0.00215002 0.000976368 0.000443104 0.000201034 9.11965e-05 4.13676e-05 1.87642e-05 8.51127e-06
0.33 0.729088 0.549693 0.356374 0.200735 0.102268 0.0491328 0.0229008 0.0105191 0.00479891 0.00218244 0.000991109 0.000449797 0.000204072 9.25747e-05 4.19927e-05 1.90478e-05 8.6399e-06
0.335 0.732041 0.553403 0.359822 0.203152 0.103653 0.0498384 0.0232389 0.0106764 0.00487109 0.00221536 0.00100607 0.000456592 0.000207156 9.39736e-05 4.26274e-05 1.93356e-05 8.77048e-06
0.34 0.734973 0.557107 0.363284 0.205591 0.105055 0.0505535 0.0235818 0.010836 0.00494434 0.00224876 0.00102126 0.000463489 0.000210286 9.53937e-05 4.32716e-05 1.96279e-05 8.90302e-06
0.345 0.737884 0.560805 0.366761 0.208052 0.106474 0.0512783 0.0239296 0.010998 0.00501869 0.00228267 0.00103668 0.000470491 0.000213463 9.68353e-05 4.39255e-05 1.99245e-05 9.03757e-06
0.35 0.740775 0.564496 0.370251 0.210534 0.107909 0.052013 0.0242825 0.0111623 0.00509415 0.00231709 0.00105233 0.000477598 0.000216689 9.82986e-05 4.45893e-05 2.02256e-05 9.17416e-06
0.355 0.743645 0.56818 0.373756 0.213038 0.109362 0.0527576 0.0246405 0.0113291 0.00517074 0.00235202 0.00106822 0.000484812 0.000219963 9.97841e-05 4.52632e-05 2.05313e-05 9.31281e-06
0.36 0.746494 0.571857 0.377273 0.215564 0.110831 0.0535123 0.0250035 0.0114984 0.00524848 0.00238748 0.00108435 0.000492136 0.000223286 0.000101292 4.59472e-05 2.08415e-05 9.45355e-06
0.365 0.749322 0.575525 0.380804 0.218111 0.112318 0.0542771 0.0253718 0.0116701 0.00532737 0.00242348 0.00110071 0.00049957 0.00022666 0.000102823 4.66416e-05 2.11565e-05 9.59642e-06
0.37 0.752129 0.579185 0.384347 0.22068 0.113822 0.0550522 0.0257454 0.0118444 0.00540745 0.00246002 0.00111733 0.000507116 0.000230085 0.000104376 4.73464e-05 2.14763e-05 9.74145e-06
0.375 0.754915 0.582837 0.387902 0.22327 0.115344 0.0558378 0.0261243 0.0120212 0.00548873 0.0024971 0.0011342 0.000514776 0.000233561 0.000105954 4.80619e-05 2.18008e-05 9.88867e-06
0.38 0.75768 0.586479 0.39147 0.225883 0.116884 0.0566339 0.0265087 0.0122007 0.00557122 0.00253474 0.00115132 0.000522552 0.00023709 0.000107555 4.87883e-05 2.21303e-05 1.00381e-05
0.385 0.760423 0.590113 0.395049 0.228516 0.118441 0.0574406 0.0268985 0.0123828 0.00565494 0.00257295 0.0011687 0.000530445 0.000240672 0.00010918 4.95256e-05 2.24647e-05 1.01898e-05
0.39 0.763145 0.593736 0.398639 0.231171 0.120016 0.0582582 0.027294 0.0125676 0.00573991 0.00261174 0.00118634 0.000538457 0.000244309 0.00011083 5.0274e-05 2.28042e-05 1.03438e-05
0.395 0.765846 0.597349 0.40224 0.233848 0.121609 0.0590866 0.027695 0.0127551 0.00582615 0.0026511 0.00120425 0.000546591 0.000248 0.000112505 5.10338e-05 2.31489e-05 1.05001e-05
0.4 0.768525 0.600951 0.405852 0.236546 0.123221 0.0599261 0.0281018 0.0129454 0.00591368 0.00269106 0.00122243 0.000554847 0.000251747 0.000114205 5.1805e-05 2.34987e-05 1.06588e-05
0.405 0.771182 0.604543 0.409474 0.239266 0.124851 0.0607767 0.0285144 0.0131385 0.00600252 0.00273162 0.00124088 0.000563227 0.000255551 0.000115931 5.25879e-05 2.38538e-05 1.08199e-05
0.41 0.773819 0.608123 0.413106 0.242007 0.126499 0.0616386 0.0289329 0.0133344 0.00609268 0.00277279 0.00125961 0.000571735 0.000259412 0.000117683 5.33826e-05 2.42143e-05 1.09834e-05
0.415 0.776433 0.611692 0.416748 0.244769 0.128165 0.0625119 0.0293573 0.0135332 0.00618419 0.00281458 0.00127862 0.00058037 0.000263332 0.000119461 5.41894e-05 2.45803e-05 1.11494e-05
0.42 0.779026 0.615249 0.420398 0.247553 0.129851 0.0633968 0.0297878 0.0137349 0.00627707 0.00285699 0.00129792 0.000589136 0.00026731 0.000121266 5.50083e-05 2.49518e-05 1.13179e-05
0.425 0.781597 0.618794 0.424057 0.250357 0.131555 0.0642933 0.0302244 0.0139396 0.00637133 0.00290005 0.00131751 0.000598035 0.000271349 0.000123099 5.58396e-05 2.53288e-05 1.1489e-05
0.43 0.784147 0.622326 0.427725 0.253183 0.133278 0.0652016 0.0306671 0.0141473 0.006467 0.00294374 0.00133739 0.000607067 0.000275449 0.000124959 5.66834e-05 2.57116e-05 1.16626e-05
0.435 0.786675 0.625845 0.431401 0.25603 0.135021 0.0661218 0.0311162 0.014358 0.00656409 0.0029881 0.00135758 0.000616236 0.000279611 0.000126847 5.754e-05 2.61002e-05 1.18389e-05
0.44 0.789182 0.62935 0.435084 0.258897 0.136782 0.0670541 0.0315716 0.0145718 0.00666263 0.00303312 0.00137807 0.000625544 0.000283835 0.000128764 5.84096e-05 2.64947e-05 1.20178e-05
0.445 0.791666 0.632842 0.438774 0.261786 0.138563 0.0679986 0.0320335 0.0147888 0.00676265 0.00307882 0.00139887 0.000634992 0.000288124 0.00013071 5.92923e-05 2.68951e-05 1.21994e-05
0.45 0.79413 0.636321 0.442471 0.264695 0.140363 0.0689554 0.0325019 0.0150089 0.00686415 0.00312521 0.00141998 0.000644582 0.000292477 0.000132685 6.01883e-05 2.73015e-05 1.23838e-05
0.455 0.796571 0.639785 0.446175 0.267625 0.142183 0.0699247 0.0329769 0.0152323 0.00696717 0.00317229 0.00144141 0.000654317 0.000296896 0.00013469 6.10979e-05 2.77141e-05 1.25709e-05
0.46 0.798991 0.643234 0.449884 0.270575 0.144022 0.0709065 0.0334586 0.015459 0.00707172 0.00322008 0.00146316 0.0006642 0.000301381 0.000136725 6.20212e-05 2.81329e-05 1.27609e-05
0.465 0.801389 0.646669 0.453599 0.273545 0.145881 0.0719011 0.0339471 0.0156889 0.00717782 0.00326858 0.00148524 0.000674231 0.000305935 0.000138791 6.29585e-05 2.85581e-05 1.29538e-05
0.47 0.803766 0.650089 0.457319 0.276536 0.14776 0.0729085 0.0344424 0.0159223 0.00728551 0.00331782 0.00150765 0.000684414 0.000310557 0.000140888 6.39099e-05 2.89897e-05 1.31495e-05
0.475 0.806121 0.653493 0.461044 0.279547 0.149659 0.0739289 0.0349448 0.016159 0.0073948 0.00336779 0.0015304 0.00069475 0.000315249 0.000143017 6.48757e-05 2.94278e-05 1.33483e-05
0.48 0.808455 0.656882 0.464774 0.282578 0.151578 0.0749624 0.0354542 0.0163992 0.00750572 0.00341851 0.00155349 0.000705242 0.000320012 0.000145178 6.58562e-05 2.98725e-05 1.355e-05
0.485 0.810767 0.660255 0.468507 0.285629 0.153517 0.0760092 0.0359707 0.0166429 0.00761829 0.00347 0.00157693 0.000715893 0.000324846 0.000147372 6.68514e-05 3.0324e-05 1.37548e-05
0.49 0.813057 0.663612 0.472244 0.2887 0.155477 0.0770694 0.0364945 0.0168902 0.00773254 0.00352226 0.00160073 0.000726705 0.000329754 0.000149599 6.78616e-05 3.07823e-05 1.39627e-05
0.495 0.815327 0.666952 0.475984 0.29179 0.157456 0.0781432 0.0370256 0.0171411 0.00784848 0.0035753 0.00162488 0.000737679 0.000334736 0.00015186 6.88872e-05 3.12475e-05 1.41737e-05
0.5 0.817574 0.670275 0.479726 0.294899 0.159456 0.0792306 0.0375642 0.0173957 0.00796615 0.00362914 0.0016494 0.000748819 0.000339793 0.000154154 6.99282e-05 3.17197e-05 1.43879e-05
0.505 0.819801 0.673582 0.483471 0.298028 0.161477 0.0803318 0.0381103 0.0176539 0.00808557 0.00368378 0.00167428 0.000760128 0.000344927 0.000156484 7.09849e-05 3.21991e-05 1.46053e-05
0.51 0.822006 0.676871 0.487218 0.301175 0.163519 0.081447 0.0386639 0.0179159 0.00820677 0.00373925 0.00169954 0.000771607 0.000350138 0.000158848 7.20577e-05 3.26857e-05 1.4826e-05
0.515 0.82419 0.680143 0.490966 0.304342 0.165581 0.0825763 0.0392254 0.0181818 0.00832977 0.00379554 0.00172519 0.000783259 0.000355428 0.000161249 7.31466e-05 3.31796e-05 1.50501e-05
0.52 0.826353 0.683398 0.494715 0.307527 0.167664 0.0837198 0.0397946 0.0184515 0.00845459 0.00385269 0.00175121 0.000795087 0.000360797 0.000163685 7.4252e-05 3.36811e-05 1.52776e-05
0.525 0.828495 0.686634 0.498465 0.31073 0.169767 0.0848776 0.0403717 0.0187251 0.00858127 0.00391068 0.00177763 0.000807094 0.000366248 0.000166158 7.53741e-05 3.41901e-05 1.55084e-05
0.53 0.830616 0.689853 0.502215 0.313952 0.171892 0.08605 0.0409569 0.0190028 0.00870983 0.00396955 0.00180445 0.000819281 0.000371781 0.000168669 7.65131e-05 3.47068e-05 1.57428e-05
0.535 0.832716 0.693053 0.505965 0.317192 0.174038 0.0872371 0.0415501 0.0192844 0.0088403 0.0040293 0.00183167 0.000831653 0.000377398 0.000171218 7.76694e-05 3.52313e-05 1.59807e-05
0.54 0.834795 0.696235 0.509714 0.320449 0.176204 0.0884389 0.0421516 0.0195701 0.0089727 0.00408995 0.0018593 0.000844211 0.000383099 0.000173805 7.88431e-05 3.57637e-05 1.62222e-05
0.545 0.836853 0.699398 0.513462 0.323724 0.178392 0.0896556 0.0427614 0.01986 0.00910707 0.0041515 0.00188735 0.000856959 0.000388887 0.000176431 8.00346e-05 3.63042e-05 1.64674e-05
0.55 0.838891 0.702542 0.517208 0.327017 0.180601 0.0908874 0.0433796 0.0201541 0.00924343 0.00421398 0.00191582 0.000869899 0.000394762 0.000179097 8.1244e-05 3.68528e-05 1.67163e-05
0.555 0.840908 0.705667 0.520953 0.330327 0.182832 0.0921345 0.0440064 0.0204525 0.00938182 0.00427739 0.00194471 0.000883034 0.000400726 0.000181803 8.24718e-05 3.74098e-05 1.69689e-05
0.56 0.842905 0.708773 0.524695 0.333653 0.185084 0.0933969 0.0446418 0.0207552 0.00952226 0.00434176 0.00197405 0.000896367 0.000406779 0.000184551 8.37181e-05 3.79751e-05 1.72254e-05
0.565 0.844881 0.711859 0.528435 0.336996 0.187357 0.0946747 0.0452859 0.0210622 0.00966478 0.00440709 0.00200382 0.000909902 0.000412924 0.000187339 8.49832e-05 3.8549e-05 1.74857e-05
0.57 0.846836 0.714926 0.532171 0.340356 0.189651 0.0959682 0.0459389 0.0213738 0.00980941 0.00447339 0.00203404 0.00092364 0.000419162 0.00019017 8.62675e-05 3.91316e-05 1.77499e-05
0.575 0.848772 0.717973 0.535903 0.343732 0.191967 0.0972775 0.0466008 0.0216898 0.00995618 0.00454069 0.00206472 0.000937586 0.000425494 0.000193043 8.75711e-05 3.9723e-05 1.80182e-05
0.58 0.850687 0.721001 0.539632 0.347123 0.194305 0.0986027 0.0472718 0.0220104 0.0101051 0.004609 0.00209586 0.000951743 0.000431922 0.00019596 8.88945e-05 4.03233e-05 1.82905e-05
0.585 0.852582 0.724008 0.543356 0.35053 0.196664 0.099944 0.0479519 0.0223356 0.0102563 0.00467833 0.00212747 0.000966113 0.000438447 0.000198921 9.02378e-05 4.09327e-05 1.85669e-05
0.59 0.854458 0.726995 0.547075 0.353953 0.199044 0.101301 0.0486414 0.0226655 0.0104097 0.0047487 0.00215955 0.000980699 0.00044507 0.000201927 9.16015e-05 4.15513e-05 1.88475e-05
0.595 0.856313 0.729962 0.55079 0.35739 0.201447 0.102675 0.0493402 0.0230001 0.0105653 0.00482012 0.00219211 0.000995506 0.000451794 0.000204978 9.29857e-05 4.21792e-05 1.91324e-05
0.6 0.858149 0.732909 0.554498 0.360843 0.20387 0.104065 0.0500486 0.0233396 0.0107233 0.00489261 0.00222517 0.00101054 0.000458619 0.000208075 9.43909e-05 4.28166e-05 1.94215e-05
0.605 0.859965 0.735835 0.5582 0.364309 0.206316 0.105472 0.0507666 0.023684 0.0108836 0.00496619 0.00225872 0.00102579 0.000465546 0.000211219 9.58173e-05 4.34637e-05 1.9715e-05
0.61 0.861762 0.73874 0.561896 0.36779 0.208783 0.106896 0.0514943 0.0240334 0.0110463 0.00504086 0.00229278 0.00104128 0.000472579 0.000214411 9.72652e-05 4.41205e-05 2.0013e-05
0.615 0.863539 0.741625 0.565585 0.371285 0.211272 0.108336 0.0522319 0.0243877 0.0112113 0.00511665 0.00232735 0.001057 0.000479718 0.00021765 9.87351e-05 4.47873e-05 2.03154e-05
0.62 0.865297 0.744489 0.569267 0.374793 0.213782 0.109794 0.0529795 0.0247472 0.0113788 0.00519358 0.00236244 0.00107296 0.000486964 0.000220939 0.000100227 4.54641e-05 2.06224e-05
0.625 0.867036 0.747332 0.572941 0.378315 0.216314 0.111269 0.0537371 0.0251118 0.0115488 0.00527166 0.00239806 0.00108915 0.00049432 0.000224277 0.000101742 4.61512e-05 2.09341e-05
0.63 0.868756 0.750153 0.576607 0.381849 0.218868 0.112761 0.054505 0.0254816 0.0117213 0.0053509 0.00243421 0.0011056 0.000501787 0.000227666 0.000103279 4.68487e-05 2.12505e-05
0.635 0.870456 0.752954 0.580265 0.385396 0.221443 0.11427 0.0552832 0.0258568 0.0118964 0.00543133 0.00247091 0.00112229 0.000509367 0.000231106 0.00010484 4.75567e-05 2.15716e-05
0.64 0.872138 0.755734 0.583914 0.388955 0.22404 0.115797 0.0560718 0.0262373 0.012074 0.00551296 0.00250816 0.00113923 0.000517061 0.000234598 0.000106424 4.82753e-05 2.18976e-05
0.645 0.873802 0.758492 0.587554 0.392526 0.226658 0.117342 0.0568711 0.0266233 0.0122542 0.00559582 0.00254597 0.00115643 0.000524871 0.000238143 0.000108032 4.90049e-05 2.22286e-05
0.65 0.875447 0.761229 0.591184 0.396108 0.229298 0.118904 0.057681 0.0270148 0.0124371 0.0056799 0.00258435 0.00117388 0.000532799 0.000241741 0.000109665 4.97455e-05 2.25645e-05
0.655 0.877073 0.763945 0.594804 0.399702 0.23196 0.120485 0.0585017 0.0274118 0.0126227 0.00576525 0.0026233 0.0011916 0.000540847 0.000245393 0.000111322 5.04972e-05 2.29055e-05
0.66 0.878681 0.766639 0.598414 0.403306 0.234643 0.122083 0.0593334 0.0278146 0.012811 0.00585187 0.00266284 0.00120959 0.000549016 0.000249101 0.000113004 5.12604e-05 2.32517e-05
0.665 0.880271 0.769312 0.602013 0.406921 0.237347 0.1237 0.0601761 0.0282231 0.0130021 0.00593979 0.00270298 0.00122785 0.000557309 0.000252865 0.000114712 5.2035e-05 2.36031e-05
0.67 0.881843 0.771963 0.605602 0.410546 0.240073 0.125335 0.0610301 0.0286374 0.013196 0.00602901 0.00274372 0.00124638 0.000565727 0.000256685 0.000116445 5.28214e-05 2.39598e-05
0.675 0.883397 0.774593 0.609179 0.414181 0.242821 0.126989 0.0618953 0.0290576 0.0133928 0.00611957 0.00278507 0.00126519 0.000574272 0.000260564 0.000118205 5.36197e-05 2.43219e-05
0.68 0.884933 0.777201 0.612744 0.417825 0.245589 0.128661 0.0627721 0.0294838 0.0135924 0.00621148 0.00282704 0.00128429 0.000582946 0.000264501 0.000119991 5.443e-05 2.46894e-05
0.685 0.886452 0.779788 0.616297 0.421478 0.248379 0.130352 0.0636603 0.0299161 0.013795 0.00630477 0.00286964 0.00130367 0.000591751 0.000268497 0.000121804 5.52525e-05 2.50626e-05
0.69 0.887953 0.782353 0.619838 0.42514 0.25119 0.132062 0.0645603 0.0303545 0.0140006 0.00639944 0.00291288 0.00132335 0.000600689 0.000272554 0.000123645 5.60875e-05 2.54413e-05
0.695 0.889437 0.784896 0.623366 0.42881 0.254022 0.133791 0.0654722 0.0307991 0.0142092 0.00649553 0.00295678 0.00134332 0.000609761 0.000276672 0.000125513 5.69351e-05 2.58258e-05
0.7 0.890903 0.787418 0.626881 0.432488 0.256874 0.135539 0.0663959 0.03125 0.0144208 0.00659305 0.00300133 0.0013636 0.000618971 0.000280852 0.00012741 5.77955e-05 2.62161e-05
0.705 0.892353 0.789918 0.630383 0.436173 0.259748 0.137306 0.0673318 0.0317073 0.0146356 0.00669202 0.00304655 0.00138418 0.00062832 0.000285095 0.000129335 5.8669e-05 2.66123e-05
0.71 0.893785 0.792396 0.633871 0.439865 0.262643 0.139093 0.0682799 0.0321711 0.0148535 0.00679247 0.00309245 0.00140507 0.000637809 0.000289403 0.00013129 5.95556e-05 2.70145e-05
0.715 0.895201 0.794853 0.637345 0.443564 0.265558 0.140899 0.0692404 0.0326415 0.0150746 0.00689442 0.00313904 0.00142627 0.000647442 0.000293775 0.000133274 6.04556e-05 2.74227e-05
0.72 0.8966 0.797288 0.640805 0.44727 0.268494 0.142724 0.0702134 0.0331184 0.0152989 0.00699789 0.00318633 0.0014478 0.000657221 0.000298214 0.000135288 6.13692e-05 2.78372e-05
0.725 0.897982 0.799702 0.644251 0.450981 0.27145 0.144569 0.0711989 0.0336021 0.0155266 0.00710289 0.00323433 0.00146965 0.000667147 0.000302719 0.000137332 6.22966e-05 2.82579e-05
0.73 0.899348 0.802094 0.647681 0.454698 0.274427 0.146434 0.0721973 0.0340927 0.0157575 0.00720947 0.00328305 0.00149182 0.000677223 0.000307293 0.000139407 6.3238e-05 2.86849e-05
0.735 0.900698 0.804464 0.651096 0.458419 0.277424 0.148319 0.0732085 0.0345901 0.0159918 0.00731763 0.0033325 0.00151433 0.000687451 0.000311935 0.000141514 6.41937e-05 2.91184e-05
0.74 0.902031 0.806813 0.654496 0.462146 0.28044 0.150224 0.0742328 0.0350945 0.0162296 0.0074274 0.00338269 0.00153719 0.000697833 0.000316648 0.000143652 6.51638e-05 2.95585e-05
0.745 0.903349 0.80914 0.65788 0.465876 0.283477 0.152149 0.0752703 0.035606 0.0164708 0.0075388 0.00343364 0.00156038 0.000708372 0.000321432 0.000145823 6.61486e-05 3.00052e-05
0.75 0.904651 0.811446 0.661248 0.46961 0.286534 0.154094 0.076321 0.0361247 0.0167156 0.00765186 0.00348535 0.00158393 0.00071907 0.000326288 0.000148026 6.71482e-05 3.04586e-05
0.755 0.905937 0.81373 0.6646 0.473348 0.28961 0.156059 0.0773852 0.0366506 0.0169639 0.00776661 0.00353784 0.00160783 0.000729929 0.000331218 0.000150263 6.8163e-05 3.09189e-05
0.76 0.907207 0.815993 0.667935 0.477089 0.292706 0.158045 0.0784629 0.0371839 0.0172159 0.00788306 0.00359112 0.00163208 0.000740952 0.000336222 0.000152534 6.9193e-05 3.13862e-05
0.765 0.908462 0.818234 0.671254 0.480832 0.295821 0.160051 0.0795544 0.0377247 0.0174716 0.00800124 0.00364519 0.00165671 0.000752142 0.000341302 0.000154839 7.02387e-05 3.18605e-05
0.77 0.909702 0.820455 0.674555 0.484578 0.298955 0.162078 0.0806598 0.038273 0.0177309 0.00812119 0.00370008 0.00168171 0.000763501 0.000346458 0.000157178 7.13001e-05 3.2342e-05
0.775 0.910926 0.822654 0.67784 0.488325 0.302108 0.164126 0.0817791 0.038829 0.0179941 0.00824291 0.00375579 0.00170708 0.00077503 0.000351692 0.000159553 7.23776e-05 3.28308e-05
0.78 0.912136 0.824831 0.681106 0.492074 0.30528 0.166194 0.0829125 0.0393927 0.018261 0.00836644 0.00381233 0.00173283 0.000786734 0.000357005 0.000161964 7.34714e-05 3.3327e-05
0.785 0.913331 0.826988 0.684356 0.495823 0.308471 0.168283 0.0840603 0.0399642 0.0185319 0.00849181 0.00386973 0.00175897 0.000798615 0.000362399 0.000164412 7.45817e-05 3.38306e-05
0.79 0.914511 0.829124 0.687587 0.499573 0.31168 0.170393 0.0852224 0.0405437 0.0188067 0.00861904 0.00392798 0.00178551 0.000810674 0.000367874 0.000166896 7.57087e-05 3.43419e-05
0.795 0.915676 0.831239 0.6908 0.503323 0.314907 0.172524 0.0863991 0.0411313 0.0190855 0.00874816 0.00398711 0.00181245 0.000822916 0.000373432 0.000169418 7.68528e-05 3.48609e-05
0.8 0.916827 0.833332 0.693995 0.507072 0.318152 0.174675 0.0875905 0.0417269 0.0193684 0.0088792 0.00404712 0.00183979 0.000835343 0.000379073 0.000171978 7.80142e-05 3.53877e-05
0.805 0.917964 0.835405 0.697171 0.510821 0.321415 0.176848 0.0887967 0.0423309 0.0196553 0.00901218 0.00410803 0.00186754 0.000847956 0.0003848 0.000174577 7.91932e-05 3.59225e-05
0.81 0.919087 0.837457 0.700328 0.514569 0.324695 0.179043 0.0900179 0.0429431 0.0199465 0.00914714 0.00416986 0.00189571 0.000860761 0.000390613 0.000177215 8.03899e-05 3.64654e-05
0.815 0.920195 0.839489 0.703467 0.518315 0.327993 0.181258 0.0912542 0.0435639 0.0202418 0.0092841 0.00423261 0.00192431 0.000873758 0.000396514 0.000179892 8.16048e-05 3.70165e-05
0.82 0.92129 0.8415 0.706586 0.522059 0.331307 0.183495 0.0925057 0.0441932 0.0205414 0.00942309 0.00429631 0.00195333 0.000886951 0.000402504 0.000182611 8.2838e-05 3.75759e-05
0.825 0.922371 0.84349 0.709686 0.5258 0.334639 0.185753 0.0937727 0.0448311 0.0208454 0.00956414 0.00436095 0.00198279 0.000900344 0.000408585 0.00018537 8.40898e-05 3.81437e-05
0.83 0.923438 0.84546 0.712767 0.529539 0.337987 0.188032 0.0950552 0.0454778 0.0211538 0.00970728 0.00442657 0.0020127 0.000913938 0.000414757 0.000188171 8.53605e-05 3.87202e-05
0.835 0.924492 0.84741 0.715828 0.533274 0.341351 0.190333 0.0963533 0.0461334 0.0214666 0.00985254 0.00449317 0.00204306 0.000927738 0.000421023 0.000191014 8.66505e-05 3.93053e-05
0.84 0.925532 0.84934 0.71887 0.537005 0.344732 0.192655 0.0976673 0.046798 0.021784 0.00999995 0.00456076 0.00207387 0.000941746 0.000427383 0.0001939 8.79599e-05 3.98993e-05
0.845 0.926559 0.851249 0.721891 0.540732 0.348128 0.194999 0.0989972 0.0474717 0.0221059 0.0101495 0.00462937 0.00210515 0.000955965 0.000433839 0.00019683 8.92892e-05 4.05023e-05
0.85 0.927574 0.853138 0.724892 0.544455 0.35154 0.197365 0.100343 0.0481546 0.0224325 0.0103014 0.00469901 0.00213689 0.000970398 0.000440393 0.000199804 9.06385e-05 4.11144e-05
0.855 0.928575 0.855008 0.727874 0.548173 0.354967 0.199752 0.101706 0.0488468 0.0227638 0.0104554 0.00476968 0.00216912 0.00098505 0.000447046 0.000202823 9.20082e-05 4.17358e-05
0.86 0.929563 0.856857 0.730835 0.551885 0.358409 0.20216 0.103084 0.0495485 0.0230999 0.0106118 0.00484142 0.00220183 0.000999922 0.000453799 0.000205888 9.33986e-05 4.23665e-05
0.865 0.930539 0.858687 0.733775 0.555592 0.361865 0.20459 0.104479 0.0502597 0.0234408 0.0107704 0.00491423 0.00223503 0.00101502 0.000460654 0.000208999 9.481e-05 4.30067e-05
0.87 0.931502 0.860498 0.736695 0.559293 0.365336 0.207042 0.105891 0.0509805 0.0237867 0.0109314 0.00498813 0.00226873 0.00103034 0.000467613 0.000212157 9.62427e-05 4.36567e-05
0.875 0.932453 0.862289 0.739594 0.562987 0.368821 0.209516 0.10732 0.0517111 0.0241375 0.0110948 0.00506313 0.00230294 0.0010459 0.000474676 0.000215363 9.76971e-05 4.43164e-05
0.88 0.933392 0.86406 0.742473 0.566673 0.37232 0.212011 0.108765 0.0524517 0.0244934 0.0112606 0.00513926 0.00233766 0.00106169 0.000481847 0.000218617 9.91734e-05 4.49862e-05
0.885 0.934318 0.865813 0.745331 0.570353 0.375832 0.214528 0.110228 0.0532022 0.0248543 0.0114288 0.00521652 0.00237291 0.00107772 0.000489125 0.00022192 0.000100672 4.5666e-05
0.89 0.935233 0.867546 0.748167 0.574025 0.379357 0.217066 0.111708 0.0539629 0.0252205 0.0115995 0.00529494 0.00240868 0.00109399 0.000496514 0.000225273 0.000102193 4.63561e-05
0.895 0.936136 0.86926 0.750983 0.577689 0.382895 0.219626 0.113205 0.0547338 0.0255919 0.0117728 0.00537454 0.002445 0.0011105 0.000504014 0.000228677 0.000103738 4.70567e-05
0.9 0.937027 0.870955 0.753777 0.581344 0.386446 0.222208 0.114719 0.055515 0.0259686 0.0119486 0.00545532 0.00248186 0.00112727 0.000511627 0.000232132 0.000105305 4.77678e-05
0.905 0.937906 0.872632 0.756551 0.58499 0.390008 0.224811 0.116252 0.0563068 0.0263507 0.0121269 0.00553731 0.00251927 0.00114428 0.000519356 0.000235639 0.000106897 4.84897e-05
0.91 0.938774 0.87429 0.759303 0.588627 0.393583 0.227436 0.117801 0.0571092 0.0267383 0.012308 0.00562052 0.00255725 0.00116156 0.0005272 0.0002392 0.000108512 4.92225e-05
0.915 0.93963 0.875929 0.762034 0.592254 0.397168 0.230082 0.119369 0.0579223 0.0271315 0.0124916 0.00570498 0.00259579 0.00117909 0.000535164 0.000242814 0.000110152 4.99664e-05
0.92 0.940476 0.87755 0.764743 0.595871 0.400765 0.23275 0.120955 0.0587462 0.0275302 0.012678 0.0057907 0.00263492 0.00119689 0.000543247 0.000246483 0.000111816 5.07215e-05
0.925 0.94131 0.879153 0.767431 0.599478 0.404373 0.23544 0.122559 0.0595812 0.0279346 0.0128672 0.0058777 0.00267464 0.00121495 0.000551453 0.000250207 0.000113506 5.1488e-05
0.93 0.942133 0.880737 0.770097 0.603074 0.407991 0.23815 0.124181 0.0604272 0.0283449 0.0130591 0.005966 0.00271495 0.00123329 0.000559782 0.000253987 0.000115221 5.22661e-05
0.935 0.942945 0.882304 0.772742 0.606659 0.411619 0.240883 0.125822 0.0612845 0.0287609 0.0132539 0.00605562 0.00275587 0.00125191 0.000568238 0.000257825 0.000116962 5.30559e-05
0.94 0.943747 0.883853 0.775366 0.610233 0.415256 0.243636 0.127481 0.0621531 0.0291829 0.0134515 0.00614658 0.0027974 0.00127081 0.000576821 0.00026172 0.00011873 5.38577e-05
0.945 0.944538 0.885384 0.777968 0.613795 0.418903 0.246411 0.129159 0.0630332 0.0296109 0.013652 0.00623889 0.00283956 0.00128999 0.000585533 0.000265675 0.000120524 5.46716e-05
0.95 0.945319 0.886897 0.780548 0.617344 0.422559 0.249207 0.130855 0.063925 0.0300449 0.0138554 0.00633258 0.00288235 0.00130946 0.000594377 0.000269689 0.000122345 5.54979e-05
0.955 0.946089 0.888393 0.783106 0.620882 0.426223 0.252024 0.132571 0.0648284 0.0304852 0.0140619 0.00642767 0.00292578 0.00132922 0.000603354 0.000273764 0.000124194 5.63366e-05
0.96 0.946849 0.889872 0.785643 0.624406 0.429895 0.254862 0.134305 0.0657438 0.0309316 0.0142714 0.00652418 0.00296987 0.00134928 0.000612467 0.0002779 0.000126071 5.71879e-05
0.965 0.947599 0.891333 0.788159 0.627917 0.433576 0.257721 0.136059 0.0666711 0.0313844 0.0144839 0.00662213 0.00301462 0.00136965 0.000621718 0.000282099 0.000127976 5.80522e-05
0.97 0.948339 0.892777 0.790652 0.631415 0.437263 0.260601 0.137832 0.0676106 0.0318437 0.0146996 0.00672154 0.00306004 0.00139032 0.000631108 0.000286361 0.00012991 5.89295e-05
0.975 0.949069 0.894205 0.793124 0.634899 0.440957 0.263502 0.139624 0.0685623 0.0323094 0.0149185 0.00682243 0.00310614 0.0014113 0.00064064 0.000290687 0.000131873 5.982e-05
0.98 0.949789 0.895616 0.795575 0.638369 0.444658 0.266423 0.141436 0.0695265 0.0327817 0.0151405 0.00692482 0.00315294 0.0014326 0.000650316 0.000295079 0.000133865 6.0724e-05
0.985 0.950499 0.89701 0.798003 0.641824 0.448365 0.269365 0.143267 0.0705032 0.0332606 0.0153658 0.00702874 0.00320043 0.00145422 0.000660137 0.000299537 0.000135888 6.16417e-05
0.99 0.9512 0.898387 0.80041 0.645265 0.452078 0.272327 0.145118 0.0714925 0.0337463 0.0155944 0.00713421 0.00324864 0.00147616 0.000670107 0.000304063 0.000137942 6.25732e-05
0.995 0.951892 0.899748 0.802796 0.648691 0.455796 0.27531 0.146989 0.0724946 0.0342389 0.0158264 0.00724125 0.00329758 0.00149844 0.000680228 0.000308657 0.000140026 6.35188e-05
1 0.952574 0.901093 0.80516 0.652102 0.459519 0.278313 0.148879 0.0735097 0.0347383 0.0160617 0.00734988 0.00334725 0.00152105 0.000690501 0.00031332 0.000142142 6.44787e-05
1.005 0.953247 0.902422 0.807502 0.655497 0.463247 0.281335 0.15079 0.0745379 0.0352448 0.0163005 0.00746013 0.00339766 0.001544 0.000700929 0.000318054 0.00014429 6.54531e-05
1.01 0.953911 0.903735 0.809823 0.658877 0.466979 0.284378 0.152721 0.0755792 0.0357584 0.0165428 0.00757202 0.00344884 0.0015673 0.000711515 0.000322859 0.00014647 6.64423e-05
1.015 0.954566 0.905032 0.812123 0.66224 0.470714 0.287441 0.154672 0.0766339 0.0362793 0.0167886 0.00768558 0.00350078 0.00159095 0.00072226 0.000327737 0.000148684 6.74464e-05
1.02 0.955212 0.906313 0.814401 0.665587 0.474453 0.290523 0.156644 0.0777021 0.0368074 0.017038 0.00780083 0.0035535 0.00161495 0.000733168 0.000332688 0.00015093 6.84656e-05
1.025 0.95585 0.907579 0.816657 0.668917 0.478194 0.293624 0.158635 0.0787839 0.0373429 0.017291 0.00791779 0.00360701 0.00163932 0.00074424 0.000337715 0.000153211 6.95003e-05
1.03 0.956478 0.90883 0.818892 0.672231 0.481938 0.296745 0.160648 0.0798795 0.0378859 0.0175478 0.00803649 0.00366132 0.00166405 0.000755479 0.000342817 0.000155526 7.05505e-05
1.035 0.957099 0.910065 0.821106 0.675527 0.485684 0.299885 0.162681 0.0809889 0.0384364 0.0178082 0.00815695 0.00371645 0.00168916 0.000766888 0.000347996 0.000157876 7.16167e-05
1.04 0.95771 0.911285 0.823299 0.678806 0.489432 0.303043 0.164734 0.0821124 0.0389947 0.0180725 0.00827921 0.0037724 0.00171465 0.000778469 0.000353253 0.000160262 7.2699e-05
1.045 0.958314 0.912491 0.825471 0.682068 0.493181 0.306221 0.166809 0.0832501 0.0395607 0.0183406 0.00840328 0.0038292 0.00174051 0.000790225 0.00035859 0.000162684 7.37976e-05
1.05 0.958909 0.913681 0.827621 0.685312 0.496931 0.309417 0.168904 0.084402 0.0401346 0.0186127 0.0085292 0.00388684 0.00176677 0.000802158 0.000364008 0.000165142 7.49128e-05
1.055 0.959496 0.914857 0.829751 0.688538 0.500681 0.312631 0.17102 0.0855685 0.0407164 0.0188887 0.00865698 0.00394535 0.00179343 0.000814271 0.000369507 0.000167637 7.60449e-05
1.06 0.960075 0.916018 0.831859 0.691745 0.50443 0.315864 0.173157 0.0867495 0.0413064 0.0191686 0.00878667 0.00400474 0.00182048 0.000826567 0.000375089 0.00017017 7.71941e-05
1.065 0.960646 0.917165 0.833947 0.694935 0.50818 0.319114 0.175315 0.0879452 0.0419045 0.0194527 0.00891828 0.00406502 0.00184794 0.000839049 0.000380756 0.000172742 7.83606e-05
1.07 0.961209 0.918297 0.836014 0.698105 0.511928 0.322382 0.177494 0.0891558 0.0425108 0.0197409 0.00905184 0.0041262 0.00187582 0.000851719 0.000386508 0.000175352 7.95448e-05
1.075 0.961764 0.919415 0.83806 0.701257 0.515675 0.325667 0.179695 0.0903815 0.0431256 0.0200333 0.00918738 0.0041883 0.00190411 0.000864579 0.000392347 0.000178001 8.07469e-05
1.08 0.962312 0.92052 0.840085 0.70439 0.519421 0.32897 0.181917 0.0916223 0.0437488 0.0203299 0.00932494 0.00425133 0.00193283 0.000877634 0.000398274 0.000180691 8.19671e-05
1.085 0.962852 0.92161 0.84209 0.707504 0.523164 0.33229 0.18416 0.0928784 0.0443807 0.0206308 0.00946453 0.0043153 0.00196199 0.000890886 0.000404291 0.000183421 8.32058e-05
1.09 0.963385 0.922687 0.844074 0.710598 0.526905 0.335626 0.186424 0.0941499 0.0450212 0.020936 0.0096062 0.00438023 0.00199158 0.000904338 0.000410398 0.000186193 8.44632e-05
1.095 0.963911 0.92375 0.846038 0.713673 0.530642 0.338979 0.18871 0.095437 0.0456705 0.0212457 0.00974996 0.00444614 0.00202162 0.000917993 0.000416598 0.000189006 8.57395e-05
1.1 0.964429 0.9248 0.847982 0.716729 0.534376 0.342348 0.191017 0.0967398 0.0463288 0.0215599 0.00989586 0.00451303 0.00205211 0.000931854 0.000422892 0.000191862 8.70352e-05
1.105 0.96494 0.925837 0.849906 0.719764 0.538107 0.345733 0.193346 0.0980585 0.0469961 0.0218786 0.0100439 0.00458092 0.00208306 0.000945924 0.00042928 0.000194761 8.83505e-05
1.11 0.965444 0.92686 0.851809 0.72278 0.541833 0.349134 0.195696 0.0993931 0.0476725 0.0222019 0.0101942 0.00464983 0.00211447 0.000960206 0.000435765 0.000197704 8.96856e-05
1.115 0.965941 0.927871 0.853693 0.725775 0.545554 0.35255 0.198068 0.100744 0.0483581 0.0225299 0.0103466 0.00471977 0.00214636 0.000974703 0.000442348 0.000200691 9.10409e-05
1.12 0.966431 0.928868 0.855556 0.72875 0.54927 0.355982 0.200461 0.102111 0.0490531 0.0228626 0.0105014 0.00479076 0.00217873 0.000989419 0.00044903 0.000203724 9.24167e-05
1.125 0.966914 0.929853 0.8574 0.731705 0.552981 0.359428 0.202876 0.103495 0.0497575 0.0232001 0.0106584 0.00486281 0.00221158 0.00100436 0.000455813 0.000206802 9.38132e-05
1.13 0.967391 0.930825 0.859224 0.73464 0.556686 0.362889 0.205312 0.104895 0.0504716 0.0235425 0.0108177 0.00493594 0.00224493 0.00101952 0.000462699 0.000209927 9.52309e-05
1.135 0.96786 0.931785 0.861029 0.737554 0.560384 0.366364 0.207771 0.106311 0.0511953 0.0238898 0.0109794 0.00501017 0.00227878 0.00103491 0.000469688 0.000213099 9.667e-05
1.14 0.968324 0.932732 0.862814 0.740447 0.564076 0.369853 0.21025 0.107745 0.0519288 0.0242421 0.0111435 0.0050855 0.00231314 0.00105054 0.000476783 0.000216319 9.81308e-05
1.145 0.968781 0.933667 0.86458 0.743319 0.567761 0.373356 0.212752 0.109195 0.0526723 0.0245994 0.01131 0.00516196 0.00234802 0.0010664 0.000483985 0.000219587 9.96138e-05
1.15 0.969231 0.93459 0.866326 0.746171 0.571438 0.376872 0.215275 0.110663 0.0534258 0.0249619 0.011479 0.00523956 0.00238342 0.0010825 0.000491296 0.000222905 0.000101119
1.155 0.969675 0.935501 0.868054 0.749001 0.575108 0.380401 0.21782 0.112148 0.0541895 0.0253296 0.0116504 0.00531833 0.00241935 0.00109884 0.000498718 0.000226273 0.000102647
1.16 0.970113 0.9364 0.869763 0.751811 0.578769 0.383943 0.220386 0.11365 0.0549634 0.0257026 0.0118244 0.00539827 0.00245583 0.00111543 0.000506251 0.000229692 0.000104198
1.165 0.970545 0.937288 0.871452 0.754599 0.582422 0.387497 0.222974 0.11517 0.0557478 0.0260809 0.012001 0.00547941 0.00249285 0.00113226 0.000513898 0.000233163 0.000105773
1.17 0.970971 0.938164 0.873123 0.757366 0.586065 0.391063 0.225584 0.116707 0.0565427 0.0264646 0.0121801 0.00556176 0.00253043 0.00114936 0.00052166 0.000236686 0.000107371
1.175 0.971391 0.939028 0.874776 0.760112 0.589699 0.394641 0.228215 0.118263 0.0573482 0.0268539 0.0123619 0.00564534 0.00256857 0.00116671 0.00052954 0.000240262 0.000108994
1.18 0.971805 0.939881 0.87641 0.762836 0.593324 0.39823 0.230868 0.119836 0.0581645 0.0272486 0.0125464 0.00573017 0.00260729 0.00118432 0.000537539 0.000243892 0.000110641
1.185 0.972213 0.940723 0.878025 0.765539 0.596938 0.40183 0.233542 0.121427 0.0589917 0.0276491 0.0127336 0.00581627 0.00264659 0.0012022 0.000545658 0.000247577 0.000112313
1.19 0.972615 0.941554 0.879623 0.768221 0.600542 0.40544 0.236238 0.123036 0.0598299 0.0280552 0.0129236 0.00590365 0.00268648 0.00122034 0.0005539 0.000251318 0.00011401
1.195 0.973012 0.942374 0.881202 0.770881 0.604134 0.409061 0.238955 0.124664 0.0606792 0.0284671 0.0131163 0.00599234 0.00272697 0.00123876 0.000562267 0.000255115 0.000115733
1.2 0.973403 0.943183 0.882763 0.773519 0.607716 0.412692 0.241694 0.12631 0.0615399 0.0288849 0.0133119 0.00608235 0.00276807 0.00125746 0.000570759 0.00025897 0.000117482
1.205 0.973789 0.943982 0.884307 0.776136 0.611286 0.416333 0.244453 0.127975 0.0624119 0.0293087 0.0135104 0.0061737 0.00280979 0.00127644 0.00057938 0.000262882 0.000119257
1.21 0.974169 0.94477 0.885832 0.778732 0.614845 0.419982 0.247234 0.129658 0.0632954 0.0297385 0.0137118 0.00626642 0.00285213 0.00129571 0.000588131 0.000266854 0.000121059
1.215 0.974544 0.945547 0.887341 0.781306 0.618391 0.42364 0.250037 0.13136 0.0641906 0.0301743 0.0139161 0.00636052 0.00289511 0.00131526 0.000597015 0.000270886 0.000122888
1.22 0.974913 0.946314 0.888832 0.783858 0.621924 0.427307 0.25286 0.133081 0.0650975 0.0306164 0.0141235 0.00645603 0.00293874 0.00133511 0.000606032 0.000274979 0.000124745
1.225 0.975277 0.947071 0.890305 0.786388 0.625444 0.430982 0.255704 0.134821 0.0660164 0.0310647 0.0143338 0.00655296 0.00298302 0.00135526 0.000615185 0.000279133 0.00012663
1.23 0.975636 0.947818 0.891761 0.788897 0.628952 0.434664 0.25857 0.136581 0.0669473 0.0315194 0.0145473 0.00665134 0.00302796 0.00137572 0.000624477 0.000283351 0.000128544
1.235 0.97599 0.948555 0.893201 0.791385 0.632445 0.438353 0.261456 0.138359 0.0678904 0.0319805 0.0147639 0.00675118 0.00307358 0.00139648 0.000633909 0.000287632 0.000130486
1.24 0.976339 0.949282 0.894623 0.79385 0.635925 0.44205 0.264362 0.140157 0.0688458 0.0324482 0.0149837 0.00685251 0.00311989 0.00141756 0.000643483 0.000291978 0.000132458
1.245 0.976683 0.95 0.896029 0.796294 0.639391 0.445753 0.26729 0.141975 0.0698137 0.0329224 0.0152067 0.00695536 0.00316689 0.00143895 0.000653201 0.000296389 0.00013446
1.25 0.977023 0.950707 0.897418 0.798717 0.642842 0.449461 0.270238 0.143812 0.0707941 0.0334034 0.015433 0.00705973 0.0032146 0.00146066 0.000663067 0.000300867 0.000136492
1.255 0.977357 0.951406 0.898791 0.801117 0.646279 0.453176 0.273206 0.145668 0.0717872 0.0338911 0.0156626 0.00716566 0.00326302 0.00148271 0.000673081 0.000305413 0.000138554
1.26 0.977687 0.952094 0.900147 0.803496 0.6497 0.456895 0.276195 0.147545 0.0727931 0.0343857 0.0158955 0.00727317 0.00331217 0.00150508 0.000683246 0.000310027 0.000140648
1.265 0.978011 0.952774 0.901487 0.805854 0.653106 0.46062 0.279203 0.149442 0.073812 0.0348872 0.0161319 0.00738228 0.00336206 0.00152779 0.000693565 0.000314711 0.000142773
1.27 0.978332 0.953444 0.902811 0.80819 0.656497 0.464349 0.282232 0.151358 0.0748441 0.0353958 0.0163717 0.00749301 0.0034127 0.00155085 0.000704039 0.000319466 0.000144931
1.275 0.978647 0.954106 0.90412 0.810505 0.659872 0.468082 0.285281 0.153295 0.0758894 0.0359115 0.016615 0.00760539 0.0034641 0.00157425 0.000714672 0.000324292 0.000147121
1.28 0.978959 0.954758 0.905412 0.812798 0.66323 0.471818 0.288349 0.155252 0.076948 0.0364345 0.0168619 0.00771944 0.00351627 0.001598 0.000725465 0.000329192 0.000149344
1.285 0.979265 0.955401 0.906689 0.815069 0.666572 0.475558 0.291437 0.15723 0.0780202 0.0369648 0.0171124 0.00783519 0.00356922 0.00162211 0.000736421 0.000334165 0.0001516
1.29 0.979568 0.956036 0.90795 0.81732 0.669898 0.4793 0.294544 0.159228 0.0791061 0.0375025 0.0173665 0.00795267 0.00362297 0.00164659 0.000747542 0.000339214 0.000153891
1.295 0.979866 0.956662 0.909196 0.819549 0.673206 0.483045 0.29767 0.161246 0.0802057 0.0380477 0.0176243 0.00807189 0.00367752 0.00167143 0.000758831 0.000344338 0.000156217
1.3 0.98016 0.95728 0.910427 0.821756 0.676498 0.486791 0.300816 0.163285 0.0813193 0.0386005 0.0178859 0.00819288 0.00373289 0.00169665 0.000770291 0.000349541 0.000158577
1.305 0.980449 0.957889 0.911643 0.823943 0.679772 0.490539 0.30398 0.165345 0.082447 0.039161 0.0181513 0.00831567 0.00378909 0.00172225 0.000781923 0.000354821 0.000160973
1.31 0.980735 0.95849 0.912844 0.826108 0.683028 0.494288 0.307163 0.167425 0.0835888 0.0397294 0.0184206 0.00844028 0.00384614 0.00174823 0.000793731 0.000360182 0.000163406
1.315 0.981016 0.959083 0.91403 0.828252 0.686267 0.498038 0.310364 0.169527 0.0847451 0.0403056 0.0186938 0.00856675 0.00390403 0.0017746 0.000805717 0.000365623 0.000165875
1.32 0.981293 0.959668 0.915201 0.830376 0.689487 0.501788 0.313584 0.171649 0.0859158 0.0408898 0.0189709 0.00869509 0.0039628 0.00180137 0.000817884 0.000371147 0.000168381
1.325 0.981567 0.960244 0.916358 0.832478 0.692689 0.505538 0.316822 0.173792 0.0871011 0.0414822 0.0192521 0.00882534 0.00402245 0.00182855 0.000830234 0.000376754 0.000170926
1.33 0.981836 0.960813 0.917501 0.834559 0.695873 0.509287 0.320077 0.175957 0.0883013 0.0420827 0.0195374 0.00895752 0.004083 0.00185613 0.000842771 0.000382446 0.000173508
1.335 0.982102 0.961374 0.918629 0.83662 0.699038 0.513035 0.323351 0.178142 0.0895163 0.0426915 0.0198268 0.00909167 0.00414445 0.00188413 0.000855497 0.000388223 0.00017613
1.34 0.982364 0.961927 0.919743 0.83866 0.702185 0.516782 0.326641 0.180349 0.0907464 0.0433088 0.0201204 0.0092278 0.00420682 0.00191255 0.000868415 0.000394088 0.000178792
1.345 0.982622 0.962472 0.920843 0.840679 0.705312 0.520527 0.329949 0.182577 0.0919917 0.0439346 0.0204183 0.00936596 0.00427012 0.0019414 0.000881528 0.000400042 0.000181493
1.35 0.982876 0.963011 0.92193 0.842678 0.70842 0.524269 0.333273 0.184826 0.0932523 0.044569 0.0207205 0.00950616 0.00433438 0.00197068 0.000894839 0.000406085 0.000184236
1.355 0.983127 0.963541 0.923003 0.844657 0.711509 0.528009 0.336615 0.187097 0.0945284 0.0452121 0.0210271 0.00964844 0.0043996 0.00200041 0.00090835 0.00041222 0.000187019
1.36 0.983374 0.964064 0.924062 0.846615 0.714578 0.531745 0.339973 0.189389 0.0958201 0.045864 0.0213381 0.00979283 0.00446579 0.00203058 0.000922065 0.000418447 0.000189845
1.365 0.983617 0.96458 0.925108 0.848552 0.717627 0.535479 0.343346 0.191702 0.0971276 0.0465249 0.0216536 0.00993936 0.00453298 0.0020612 0.000935988 0.000424769 0.000192714
1.37 0.983857 0.965089 0.92614 0.85047 0.720657 0.539208 0.346736 0.194037 0.098451 0.0471949 0.0219736 0.0100881 0.00460117 0.00209229 0.00095012 0.000431185 0.000195626
1.375 0.984094 0.965591 0.92716 0.852368 0.723667 0.542932 0.350142 0.196394 0.0997904 0.047874 0.0222983 0.010239 0.00467038 0.00212384 0.000964465 0.000437699 0.000198582
1.38 0.984327 0.966086 0.928167 0.854245 0.726656 0.546652 0.353562 0.198772 0.101146 0.0485624 0.0226277 0.0103921 0.00474063 0.00215587 0.000979027 0.000444311 0.000201582
1.385 0.984556 0.966574 0.92916 0.856103 0.729625 0.550367 0.356998 0.201172 0.102518 0.0492602 0.0229618 0.0105475 0.00481193 0.00218838 0.000993808 0.000451023 0.000204628
1.39 0.984783 0.967055 0.930141 0.857941 0.732574 0.554076 0.360449 0.203593 0.103906 0.0499674 0.0233007 0.0107052 0.0048843 0.00222138 0.00100881 0.000457836 0.00020772
1.395 0.985006 0.96753 0.93111 0.859759 0.735503 0.557779 0.363914 0.206036 0.105311 0.0506843 0.0236445 0.0108652 0.00495775 0.00225488 0.00102404 0.000464752 0.000210859
1.4 0.985226 0.967998 0.932066 0.861558 0.73841 0.561476 0.367393 0.208501 0.106733 0.0514109 0.0239933 0.0110276 0.0050323 0.00228888 0.0010395 0.000471773 0.000214045
1.405 0.985443 0.968459 0.933009 0.863338 0.741297 0.565165 0.370886 0.210987 0.108172 0.0521474 0.0243471 0.0111924 0.00510797 0.00232339 0.0010552 0.000478899 0.000217279
1.41 0.985656 0.968914 0.933941 0.865098 0.744164 0.568848 0.374393 0.213495 0.109627 0.0528938 0.024706 0.0113596 0.00518476 0.00235842 0.00107113 0.000486133 0.000220562
1.415 0.985867 0.969363 0.93486 0.866839 0.747009 0.572523 0.377913 0.216025 0.1111 0.0536503 0.02507 0.0115293 0.00526271 0.00239398 0.0010873 0.000493477 0.000223895
1.42 0.986074 0.969805 0.935768 0.868561 0.749833 0.57619 0.381446 0.218576 0.11259 0.054417 0.0254392 0.0117015 0.00534182 0.00243007 0.00110371 0.000500931 0.000227278
1.425 0.986279 0.970242 0.936663 0.870264 0.752636 0.579849 0.384991 0.221149 0.114097 0.055194 0.0258138 0.0118763 0.00542211 0.0024667 0.00112037 0.000508498 0.000230712
1.43 0.98648 0.970672 0.937548 0.871948 0.755418 0.583499 0.388549 0.223743 0.115622 0.0559815 0.0261937 0.0120536 0.00550361 0.00250389 0.00113729 0.000516179 0.000234198
1.435 0.986679 0.971096 0.93842 0.873613 0.758179 0.58714 0.392118 0.226359 0.117165 0.0567795 0.026579 0.0122336 0.00558632 0.00254164 0.00115445 0.000523976 0.000237736
1.44 0.986875 0.971514 0.939281 0.87526 0.760919 0.590771 0.3957 0.228997 0.118725 0.0575882 0.0269699 0.0124161 0.00567027 0.00257995 0.00117188 0.00053189 0.000241328
1.445 0.987068 0.971926 0.940131 0.876889 0.763637 0.594392 0.399292 0.231656 0.120304 0.0584077 0.0273663 0.0126014 0.00575547 0.00261884 0.00118957 0.000539924 0.000244975
1.45 0.987258 0.972332 0.94097 0.878499 0.766333 0.598003 0.402895 0.234336 0.1219 0.0592381 0.0277684 0.0127894 0.00584194 0.00265831 0.00120753 0.00054808 0.000248676
1.455 0.987445 0.972733 0.941797 0.880091 0.769009 0.601604 0.406509 0.237038 0.123515 0.0600796 0.0281763 0.0129802 0.00592971 0.00269838 0.00122575 0.000556358 0.000252433
1.46 0.98763 0.973128 0.942614 0.881665 0.771662 0.605194 0.410133 0.239762 0.125148 0.0609323 0.0285899 0.0131738 0.00601878 0.00273905 0.00124426 0.000564762 0.000256247
1.465 0.987812 0.973517 0.94342 0.883221 0.774295 0.608772 0.413766 0.242507 0.1268 0.0617962 0.0290095 0.0133702 0.00610919 0.00278033 0.00126304 0.000573292 0.000260119
1.47 0.987991 0.973901 0.944216 0.884759 0.776905 0.612339 0.41741 0.245273 0.12847 0.0626716 0.029435 0.0135696 0.00620095 0.00282223 0.0012821 0.000581952 0.000264049
1.475 0.988167 0.97428 0.945 0.88628 0.779494 0.615893 0.421062 0.24806 0.130159 0.0635586 0.0298666 0.0137718 0.00629407 0.00286476 0.00130145 0.000590741 0.000268039
1.48 0.988342 0.974653 0.945775 0.887783 0.782062 0.619436 0.424723 0.250868 0.131867 0.0644572 0.0303043 0.013977 0.00638859 0.00290793 0.0013211 0.000599664 0.000272089
1.485 0.988513 0.975021 0.946539 0.889269 0.784608 0.622965 0.428392 0.253698 0.133593 0.0653677 0.0307482 0.0141853 0.00648451 0.00295175 0.00134103 0.000608721 0.0002762
1.49 0.988682 0.975384 0.947293 0.890737 0.787132 0.626482 0.432069 0.256548 0.135339 0.0662901 0.0311984 0.0143966 0.00658187 0.00299622 0.00136127 0.000617915 0.000280373
1.495 0.988849 0.975741 0.948037 0.892188 0.789634 0.629985 0.435753 0.25942 0.137104 0.0672246 0.0316549 0.014611 0.00668068 0.00304137 0.00138182 0.000627248 0.000284609
1.5 0.989013 0.976094 0.948771 0.893623 0.792115 0.633475 0.439445 0.262312 0.138888 0.0681713 0.032118 0.0148285 0.00678096 0.00308719 0.00140267 0.000636722 0.000288909
1.505 0.989175 0.976442 0.949495 0.89504 0.794574 0.636951 0.443143 0.265225 0.140692 0.0691304 0.0325876 0.0150492 0.00688273 0.0031337 0.00142384 0.000646338 0.000293274
1.51 0.989334 0.976784 0.95021 0.896441 0.797012 0.640412 0.446847 0.268158 0.142515 0.0701019 0.0330638 0.0152732 0.00698603 0.00318091 0.00144533 0.0006561 0.000297705
1.515 0.989491 0.977122 0.950915 0.897825 0.799428 0.643859 0.450558 0.271112 0.144358 0.0710861 0.0335467 0.0155005 0.00709086 0.00322883 0.00146714 0.000666009 0.000302203
1.52 0.989646 0.977455 0.95161 0.899193 0.801822 0.647291 0.454274 0.274087 0.146221 0.072083 0.0340364 0.015731 0.00719725 0.00327746 0.00148928 0.000676068 0.000306768
1.525 0.989799 0.977783 0.952296 0.900545 0.804195 0.650708 0.457995 0.277081 0.148103 0.0730927 0.0345331 0.015965 0.00730523 0.00332683 0.00151175 0.000686278 0.000311403
1.53 0.989949 0.978107 0.952973 0.90188 0.806546 0.65411 0.461721 0.280096 0.150006 0.0741155 0.0350367 0.0162024 0.00741481 0.00337694 0.00153457 0.000696643 0.000316108
1.535 0.990097 0.978425 0.953641 0.9032 0.808876 0.657495 0.465451 0.28313 0.151928 0.0751514 0.0355474 0.0164432 0.00752603 0.0034278 0.00155772 0.000707164 0.000320884
1.54 0.990243 0.97874 0.954299 0.904503 0.811184 0.660865 0.469185 0.286185 0.153871 0.0762007 0.0360652 0.0166876 0.0076389 0.00347943 0.00158123 0.000717843 0.000325732
1.545 0.990387 0.97905 0.954949 0.905791 0.813471 0.664219 0.472922 0.289259 0.155834 0.0772633 0.0365904 0.0169355 0.00775346 0.00353183 0.00160509 0.000728684 0.000330653
1.55 0.990529 0.979355 0.95559 0.907063 0.815736 0.667556 0.476663 0.292352 0.157818 0.0783395 0.0371228 0.017187 0.00786971 0.00358501 0.0016293 0.000739689 0.000335648
1.555 0.990669 0.979656 0.956222 0.90832 0.81798 0.670877 0.480406 0.295465 0.159822 0.0794294 0.0376627 0.0174423 0.0079877 0.00363899 0.00165389 0.000750859 0.000340719
1.56 0.990806 0.979953 0.956846 0.909561 0.820203 0.67418 0.484151 0.298597 0.161846 0.0805332 0.0382102 0.0177012 0.00810744 0.00369379 0.00167884 0.000762198 0.000345867
1.565 0.990942 0.980246 0.957461 0.910788 0.822404 0.677466 0.487898 0.301748 0.163891 0.0816509 0.0387653 0.0179639 0.00822896 0.0037494 0.00170417 0.000773709 0.000351092
1.57 0.991076 0.980534 0.958068 0.911999 0.824585 0.680735 0.491647 0.304918 0.165957 0.0827827 0.0393281 0.0182304 0.00835228 0.00380585 0.00172988 0.000785393 0.000356396
1.575 0.991207 0.980818 0.958666 0.913196 0.826744 0.683986 0.495396 0.308107 0.168044 0.0839288 0.0398987 0.0185009 0.00847744 0.00386315 0.00175598 0.000797253 0.000361781
1.58 0.991337 0.981098 0.959256 0.914377 0.828882 0.68722 0.499146 0.311313 0.170151 0.0850893 0.0404773 0.0187752 0.00860446 0.0039213 0.00178247 0.000809292 0.000367246
1.585 0.991465 0.981375 0.959839 0.915544 0.830999 0.690435 0.502896 0.314538 0.17228 0.0862644 0.0410639 0.0190536 0.00873336 0.00398033 0.00180936 0.000821513 0.000372794
1.59 0.991591 0.981647 0.960413 0.916697 0.833095 0.693632 0.506645 0.317782 0.174429 0.0874541 0.0416587 0.019336 0.00886418 0.00404024 0.00183665 0.000833918 0.000378426
1.595 0.991715 0.981915 0.960979 0.917835 0.83517 0.69681 0.510394 0.321042 0.1766 0.0886586 0.0422617 0.0196224 0.00899694 0.00410105 0.00186436 0.00084651 0.000384143
1.6 0.991837 0.98218 0.961538 0.918959 0.837225 0.69997 0.514142 0.324321 0.178792 0.0898781 0.042873 0.0199131 0.00913167 0.00416277 0.00189248 0.000859293 0.000389947
1.605 0.991958 0.98244 0.962089 0.92007 0.839259 0.70311 0.517888 0.327616 0.181005 0.0911126 0.0434927 0.020208 0.0092684 0.00422542 0.00192103 0.000872268 0.000395838
1.61 0.992077 0.982697 0.962632 0.921166 0.841272 0.706232 0.521632 0.330929 0.183239 0.0923624 0.0441211 0.0205071 0.00940716 0.004289 0.00195 0.000885439 0.000401818
1.615 0.992194 0.98295 0.963168 0.922248 0.843265 0.709334 0.525374 0.334259 0.185495 0.0936276 0.044758 0.0208106 0.00954797 0.00435354 0.00197942 0.000898809 0.000407888
1.62 0.992309 0.9832 0.963696 0.923317 0.845237 0.712417 0.529113 0.337605 0.187772 0.0949083 0.0454037 0.0211185 0.00969087 0.00441905 0.00200927 0.00091238 0.00041405
1.625 0.992423 0.983446 0.964218 0.924372 0.847189 0.715481 0.532848 0.340967 0.19007 0.0962047 0.0460583 0.0214308 0.00983589 0.00448553 0.00203958 0.000926156 0.000420305
1.63 0.992535 0.983688 0.964732 0.925414 0.849121 0.718524 0.53658 0.344346 0.19239 0.0975169 0.0467219 0.0217476 0.00998305 0.00455301 0.00207034 0.00094014 0.000426654
1.635 0.992645 0.983927 0.965238 0.926443 0.851033 0.721548 0.540308 0.347741 0.194731 0.098845 0.0473945 0.022069 0.0101324 0.00462151 0.00210156 0.000954335 0.000433099
1.64 0.992754 0.984163 0.965738 0.927459 0.852924 0.724552 0.544032 0.35115 0.197094 0.100189 0.0480764 0.0223951 0.010284 0.00469102 0.00213325 0.000968744 0.000439642
1.645 0.992861 0.984395 0.966231 0.928461 0.854796 0.727535 0.54775 0.354576 0.199479 0.10155 0.0487675 0.0227259 0.0104378 0.00476158 0.00216542 0.00098337 0.000446283
1.65 0.992966 0.984624 0.966717 0.929451 0.856648 0.730498 0.551463 0.358016 0.201885 0.102926 0.0494681 0.0230614 0.0105938 0.0048332 0.00219808 0.000998217 0.000453025
1.655 0.99307 0.984849 0.967196 0.930429 0.85848 0.733441 0.55517 0.361471 0.204313 0.10432 0.0501782 0.0234018 0.0107522 0.00490588 0.00223122 0.00101329 0.000459868
1.66 0.993173 0.985071 0.967669 0.931393 0.860293 0.736364 0.558872 0.36494 0.206762 0.105729 0.0508979 0.023747 0.0109129 0.00497966 0.00226487 0.00102859 0.000466815
1.665 0.993274 0.98529 0.968135 0.932346 0.862086 0.739265 0.562566 0.368424 0.209233 0.107156 0.0516274 0.0240973 0.011076 0.00505453 0.00229902 0.00104411 0.000473867
1.67 0.993373 0.985506 0.968594 0.933286 0.863859 0.742146 0.566254 0.371921 0.211726 0.1086 0.0523668 0.0244526 0.0112416 0.00513053 0.00233368 0.00105988 0.000481025
1.675 0.993471 0.985719 0.969048 0.934214 0.865614 0.745006 0.569934 0.375431 0.21424 0.11006 0.0531162 0.024813 0.0114095 0.00520767 0.00236887 0.00107588 0.000488291
1.68 0.993568 0.985928 0.969494 0.935129 0.867349 0.747845 0.573607 0.378955 0.216776 0.111538 0.0538757 0.0251785 0.0115799 0.00528595 0.00240458 0.00109212 0.000495667
1.685 0.993663 0.986135 0.969935 0.936033 0.869066 0.750663 0.577272 0.382492 0.219333 0.113033 0.0546454 0.0255493 0.0117529 0.00536541 0.00244083 0.00110861 0.000503154
1.69 0.993757 0.986339 0.970369 0.936926 0.870763 0.75346 0.580928 0.386041 0.221913 0.114546 0.0554255 0.0259254 0.0119284 0.00544606 0.00247763 0.00112534 0.000510754
1.695 0.993849 0.986539 0.970797 0.937806 0.872442 0.756236 0.584575 0.389602 0.224513 0.116076 0.0562161 0.0263069 0.0121065 0.00552791 0.00251498 0.00114233 0.00051847
1.7 0.99394 0.986737 0.97122 0.938676 0.874102 0.758991 0.588213 0.393175 0.227136 0.117624 0.0570172 0.0266939 0.0122872 0.00561098 0.00255289 0.00115958 0.000526301
1.705 0.99403 0.986932 0.971636 0.939533 0.875743 0.761724 0.591842 0.396759 0.22978 0.11919 0.0578291 0.0270864 0.0124706 0.0056953 0.00259138 0.00117708 0.000534251
1.71 0.994118 0.987124 0.972046 0.94038 0.877366 0.764436 0.59546 0.400355 0.232445 0.120774 0.0586518 0.0274845 0.0126567 0.00578088 0.00263044 0.00119485 0.000542321
1.715 0.994205 0.987313 0.972451 0.941215 0.878971 0.767126 0.599068 0.403961 0.235132 0.122375 0.0594855 0.0278883 0.0128455 0.00586773 0.00267008 0.00121288 0.000550512
1.72 0.994291 0.9875 0.97285 0.94204 0.880558 0.769795 0.602665 0.407578 0.237841 0.123996 0.0603303 0.0282978 0.0130371 0.00595588 0.00271033 0.00123119 0.000558828
1.725 0.994376 0.987684 0.973244 0.942853 0.882126 0.772442 0.606252 0.411205 0.24057 0.125634 0.0611863 0.0287132 0.0132315 0.00604535 0.00275118 0.00124977 0.000567268
1.73 0.994459 0.987865 0.973631 0.943656 0.883677 0.775068 0.609827 0.414842 0.243321 0.127291 0.0620536 0.0291345 0.0134288 0.00613615 0.00279264 0.00126864 0.000575837
1.735 0.994541 0.988043 0.974014 0.944449 0.88521 0.777672 0.61339 0.418487 0.246094 0.128967 0.0629324 0.0295618 0.013629 0.00622831 0.00283472 0.00128779 0.000584534
1.74 0.994622 0.988219 0.974391 0.94523 0.886726 0.780255 0.616941 0.422142 0.248887 0.130661 0.0638228 0.0299952 0.0138321 0.00632184 0.00287744 0.00130722 0.000593363
1.745 0.994701 0.988393 0.974762 0.946002 0.888224 0.782816 0.620479 0.425805 0.251702 0.132375 0.0647249 0.0304347 0.0140382 0.00641677 0.0029208 0.00132695 0.000602325
1.75 0.99478 0.988563 0.975129 0.946763 0.889704 0.785355 0.624005 0.429477 0.254538 0.134107 0.0656389 0.0308805 0.0142474 0.00651312 0.00296481 0.00134698 0.000611423
1.755 0.994857 0.988732 0.97549 0.947514 0.891167 0.787873 0.627518 0.433156 0.257394 0.135858 0.0665649 0.0313326 0.0144596 0.0066109 0.00300949 0.00136731 0.000620657
1.76 0.994933 0.988898 0.975846 0.948255 0.892614 0.790369 0.631017 0.436843 0.260272 0.137629 0.067503 0.031791 0.0146749 0.00671014 0.00305483 0.00138795 0.000630031
1.765 0.995008 0.989061 0.976197 0.948986 0.894043 0.792844 0.634503 0.440536 0.26317 0.139419 0.0684533 0.032256 0.0148934 0.00681086 0.00310085 0.00140889 0.000639547
1.77 0.995082 0.989222 0.976543 0.949707 0.895456 0.795297 0.637974 0.444236 0.266089 0.141228 0.0694161 0.0327275 0.0151151 0.00691308 0.00314757 0.00143016 0.000649206
1.775 0.995155 0.989381 0.976884 0.950419 0.896852 0.797728 0.641432 0.447943 0.269029 0.143057 0.0703913 0.0332057 0.01534 0.00701683 0.00319499 0.00145174 0.000659011
1.78 0.995227 0.989537 0.977221 0.951121 0.898231 0.800137 0.644874 0.451655 0.271989 0.144906 0.0713792 0.0336907 0.0155682 0.00712212 0.00324312 0.00147365 0.000668964
1.785 0.995298 0.989692 0.977552 0.951814 0.899594 0.802525 0.648302 0.455373 0.274969 0.146775 0.0723799 0.0341824 0.0157998 0.00722898 0.00329197 0.00149588 0.000679068
1.79 0.995367 0.989843 0.977879 0.952497 0.900941 0.804892 0.651714 0.459095 0.27797 0.148663 0.0733935 0.0346811 0.0160347 0.00733743 0.00334156 0.00151846 0.000689323
1.795 0.995436 0.989993 0.978201 0.953171 0.902272 0.807237 0.655111 0.462822 0.28099 0.150572 0.0744201 0.0351868 0.0162731 0.00744749 0.00339189 0.00154137 0.000699734
1.8 0.995504 0.990141 0.978519 0.953836 0.903586 0.80956 0.658493 0.466554 0.284031 0.1525 0.07546 0.0356996 0.016515 0.0075592 0.00344297 0.00156463 0.000710301
1.805 0.99557 0.990286 0.978832 0.954492 0.904885 0.811862 0.661858 0.470289 0.287091 0.154449 0.0765131 0.0362196 0.0167604 0.00767256 0.00349482 0.00158824 0.000721028
1.81 0.995636 0.990429 0.97914 0.955139 0.906168 0.814142 0.665206 0.474027 0.290171 0.156418 0.0775798 0.0367469 0.0170094 0.00778762 0.00354745 0.0016122 0.000731917
1.815 0.995701 0.99057 0.979445 0.955778 0.907436 0.816401 0.668539 0.477768 0.29327 0.158408 0.07866 0.0372815 0.017262 0.00790438 0.00360087 0.00163653 0.000742971
1.82 0.995764 0.99071 0.979744 0.956407 0.908688 0.818639 0.671854 0.481512 0.296388 0.160418 0.079754 0.0378236 0.0175183 0.00802288 0.00365509 0.00166122 0.000754191
1.825 0.995827 0.990847 0.98004 0.957028 0.909925 0.820855 0.675153 0.485258 0.299526 0.162448 0.0808619 0.0383733 0.0177784 0.00814314 0.00371013 0.00168628 0.00076558
1.83 0.995889 0.990982 0.980331 0.957641 0.911147 0.82305 0.678434 0.489005 0.302683 0.164499 0.0819837 0.0389307 0.0180422 0.0082652 0.00376599 0.00171172 0.000777142
1.835 0.99595 0.991115 0.980618 0.958245 0.912354 0.825224 0.681697 0.492754 0.305858 0.166571 0.0831198 0.0394958 0.0183099 0.00838906 0.00382269 0.00173755 0.000788877
1.84 0.99601 0.991246 0.980901 0.958841 0.913546 0.827377 0.684943 0.496504 0.309052 0.168664 0.0842701 0.0400688 0.0185815 0.00851476 0.00388023 0.00176376 0.00080079
1.845 0.996069 0.991375 0.98118 0.959429 0.914723 0.829509 0.688171 0.500254 0.312264 0.170778 0.0854349 0.0406497 0.018857 0.00864234 0.00393865 0.00179037 0.000812883
1.85 0.996128 0.991502 0.981455 0.960009 0.915886 0.83162 0.691381 0.504003 0.315495 0.172913 0.0866142 0.0412388 0.0191366 0.0087718 0.00399793 0.00181738 0.000825158
1.855 0.996185 0.991628 0.981727 0.960581 0.917035 0.83371 0.694572 0.507753 0.318743 0.175068 0.0878083 0.0418359 0.0194201 0.00890319 0.00405811 0.00184479 0.000837618
1.86 0.996242 0.991751 0.981994 0.961145 0.918169 0.835779 0.697745 0.511501 0.322009 0.177245 0.0890172 0.0424414 0.0197079 0.00903653 0.00411919 0.00187262 0.000850266
1.865 0.996297 0.991873 0.982257 0.961701 0.919289 0.837828 0.700899 0.515249 0.325292 0.179443 0.0902411 0.0430552 0.0199998 0.00917185 0.00418118 0.00190087 0.000863105
1.87 0.996352 0.991993 0.982517 0.96225 0.920395 0.839855 0.704034 0.518994 0.328593 0.181662 0.0914802 0.0436774 0.0202959 0.00930917 0.0042441 0.00192954 0.000876138
1.875 0.996406 0.992112 0.982772 0.962791 0.921487 0.841863 0.70715 0.522738 0.331911 0.183903 0.0927345 0.0443083 0.0205963 0.00944853 0.00430797 0.00195865 0.000889367
1.88 0.99646 0.992228 0.983024 0.963325 0.922565 0.843849 0.710247 0.526479 0.335245 0.186165 0.0940043 0.0449478 0.0209011 0.00958996 0.00437279 0.00198819 0.000902796
1.885 0.996512 0.992343 0.983273 0.963851 0.92363 0.845816 0.713324 0.530217 0.338596 0.188448 0.0952896 0.0455962 0.0212102 0.00973348 0.00443858 0.00201818 0.000916428
1.89 0.996564 0.992456 0.983518 0.96437 0.924681 0.847762 0.716382 0.533951 0.341964 0.190753 0.0965906 0.0462534 0.0215239 0.00987913 0.00450536 0.00204861 0.000930265
1.895 0.996615 0.992567 0.983759 0.964882 0.925719 0.849688 0.719419 0.537682 0.345347 0.193079 0.0979075 0.0469196 0.0218421 0.0100269 0.00457314 0.00207951 0.000944311
1.9 0.996665 0.992677 0.983997 0.965387 0.926744 0.851593 0.722437 0.541408 0.348746 0.195427 0.0992403 0.047595 0.0221649 0.0101769 0.00464193 0.00211087 0.000958568
1.905 0.996715 0.992786 0.984232 0.965884 0.927756 0.853479 0.725435 0.54513 0.352161 0.197796 0.100589 0.0482795 0.0224923 0.0103292 0.00471176 0.0021427 0.000973041
1.91 0.996763 0.992892 0.984463 0.966375 0.928755 0.855345 0.728413 0.548847 0.35559 0.200187 0.101954 0.0489735 0.0228245 0.0104836 0.00478262 0.00217502 0.000987732
1.915 0.996811 0.992997 0.984691 0.966859 0.929741 0.857191 0.73137 0.552559 0.359035 0.2026 0.103336 0.0496768 0.0231614 0.0106404 0.00485455 0.00220782 0.00100264
1.92 0.996859 0.993101 0.984915 0.967337 0.930715 0.859017 0.734307 0.556264 0.362494 0.205034 0.104734 0.0503898 0.0235032 0.0107994 0.00492756 0.00224111 0.00101778
1.925 0.996905 0.993203 0.985136 0.967807 0.931676 0.860824 0.737223 0.559964 0.365968 0.20749 0.106149 0.0511124 0.02385 0.0109609 0.00500166 0.0022749 0.00103315
1.93 0.996951 0.993303 0.985354 0.968271 0.932625 0.862612 0.740118 0.563656 0.369455 0.209967 0.107581 0.0518448 0.0242017 0.0111247 0.00507686 0.0023092 0.00104875
1.935 0.996997 0.993402 0.985569 0.968729 0.933561 0.86438 0.742993 0.567342 0.372956 0.212466 0.109029 0.0525871 0.0245585 0.0112909 0.0051532 0.00234402 0.00106458
1.94 0.997041 0.9935 0.985781 0.96918 0.934485 0.866129 0.745847 0.57102 0.376471 0.214987 0.110495 0.0533395 0.0249204 0.0114596 0.00523067 0.00237936 0.00108065
1.945 0.997085 0.993596 0.98599 0.969625 0.935398 0.867858 0.74868 0.57469 0.379998 0.217529 0.111978 0.054102 0.0252875 0.0116308 0.0053093 0.00241523 0.00109696
1.95 0.997128 0.993691 0.986196 0.970064 0.936298 0.869569 0.751492 0.578353 0.383539 0.220093 0.113478 0.0548748 0.0256598 0.0118045 0.00538911 0.00245165 0.00111352
1.955 0.997171 0.993784 0.986398 0.970496 0.937187 0.871261 0.754282 0.582006 0.387091 0.222679 0.114996 0.0556579 0.0260376 0.0119807 0.00547011 0.00248861 0.00113033
1.96 0.997213 0.993876 0.986598 0.970923 0.938064 0.872934 0.757052 0.585651 0.390656 0.225286 0.116531 0.0564516 0.0264207 0.0121596 0.00555232 0.00252612 0.0011474
1.965 0.997254 0.993967 0.986795 0.971343 0.93893 0.874588 0.7598 0.589286 0.394233 0.227915 0.118085 0.0572559 0.0268093 0.0123411 0.00563576 0.0025642 0.00116472
1.97 0.997295 0.994056 0.986989 0.971758 0.939785 0.876225 0.762527 0.592911 0.39782 0.230565 0.119656 0.058071 0.0272034 0.0125253 0.00572044 0.00260285 0.0011823
1.975 0.997335 0.994144 0.98718 0.972167 0.940628 0.877842 0.765232 0.596527 0.401419 0.233237 0.121245 0.0588969 0.0276032 0.0127122 0.0058064 0.00264209 0.00120015
1.98 0.997375 0.994231 0.987369 0.97257 0.94146 0.879442 0.767916 0.600132 0.405029 0.23593 0.122852 0.0597339 0.0280087 0.0129018 0.00589363 0.00268191 0.00121826
1.985 0.997414 0.994316 0.987554 0.972967 0.942281 0.881023 0.770579 0.603726 0.408648 0.238645 0.124478 0.060582 0.0284199 0.0130942 0.00598217 0.00272233 0.00123665
1.99 0.997452 0.9944 0.987737 0.973359 0.943092 0.882586 0.77322 0.607309 0.412278 0.241381 0.126122 0.0614413 0.0288371 0.0132895 0.00607203 0.00276336 0.00125532
1.995 0.99749 0.994483 0.987918 0.973745 0.943891 0.884132 0.77584 0.61088 0.415917 0.244138 0.127784 0.062312 0.0292601 0.0134876 0.00616323 0.002805 0.00127427
2 0.997527 0.994565 0.988095 0.974126 0.944681 0.88566 0.778437 0.61444 0.419566 0.246917 0.129465 0.0631942 0.0296892 0.0136887 0.00625579 0.00284728 0.0012935
2.005 0.997564 0.994645 0.988271 0.974501 0.945459 0.88717 0.781014 0.617987 0.423223 0.249717 0.131165 0.064088 0.0301244 0.0138927 0.00634974 0.00289018 0.00131302
2.01 0.9976 0.994725 0.988443 0.974871 0.946228 0.888663 0.783568 0.621522 0.426889 0.252537 0.132884 0.0649937 0.0305657 0.0140997 0.00644508 0.00293373 0.00133284
2.015 0.997636 0.994803 0.988613 0.975236 0.946986 0.890138 0.786101 0.625044 0.430563 0.255379 0.134622 0.0659112 0.0310134 0.0143097 0.00654185 0.00297794 0.00135295
2.02 0.997671 0.99488 0.988781 0.975596 0.947734 0.891596 0.788613 0.628553 0.434244 0.258242 0.136379 0.0668407 0.0314673 0.0145229 0.00664006 0.00302281 0.00137337
2.025 0.997706 0.994956 0.988946 0.97595 0.948472 0.893038 0.791102 0.632048 0.437933 0.261126 0.138156 0.0677824 0.0319277 0.0147391 0.00673974 0.00306835 0.0013941
2.03 0.99774 0.99503 0.989109 0.9763 0.9492 0.894462 0.793571 0.63553 0.441629 0.26403 0.139951 0.0687364 0.0323946 0.0149585 0.0068409 0.00311458 0.00141514
2.035 0.997773 0.995104 0.989269 0.976645 0.949918 0.89587 0.796017 0.638997 0.445331 0.266955 0.141767 0.0697028 0.0328681 0.0151812 0.00694357 0.0031615 0.0014365
2.04 0.997806 0.995177 0.989427 0.976984 0.950627 0.897261 0.798442 0.64245 0.449039 0.269901 0.143601 0.0706818 0.0333483 0.0154071 0.00704777 0.00320913 0.00145817
2.045 0.997839 0.995248 0.989583 0.977319 0.951326 0.898635 0.800845 0.645888 0.452753 0.272867 0.145456 0.0716734 0.0338352 0.0156363 0.00715352 0.00325747 0.00148018
2.05 0.997871 0.995318 0.989737 0.977649 0.952016 0.899994 0.803227 0.649311 0.456472 0.275853 0.14733 0.0726779 0.034329 0.0158688 0.00726084 0.00330654 0.00150252
2.055 0.997903 0.995388 0.989888 0.977975 0.952697 0.901336 0.805587 0.652719 0.460196 0.27886 0.149225 0.0736953 0.0348297 0.0161048 0.00736977 0.00335634 0.00152519
2.06 0.997934 0.995456 0.990037 0.978295 0.953368 0.902661 0.807925 0.656112 0.463924 0.281886 0.151139 0.0747259 0.0353375 0.0163442 0.00748032 0.0034069 0.0015482
2.065 0.997965 0.995524 0.990184 0.978612 0.954031 0.903972 0.810242 0.659488 0.467656 0.284932 0.153074 0.0757696 0.0358524 0.0165871 0.00759251 0.00345821 0.00157156
2.07 0.997995 0.99559 0.990329 0.978923 0.954684 0.905266 0.812538 0.662849 0.471392 0.287999 0.155028 0.0768268 0.0363746 0.0168336 0.00770637 0.00351029 0.00159528
2.075 0.998025 0.995655 0.990471 0.979231 0.955329 0.906544 0.814812 0.666192 0.475132 0.291084 0.157004 0.0778974 0.036904 0.0170836 0.00782193 0.00356315 0.00161935
2.08 0.998054 0.99572 0.990612 0.979534 0.955964 0.907807 0.817064 0.66952 0.478874 0.294189 0.158999 0.0789817 0.0374409 0.0173374 0.0079392 0.0036168 0.00164378
2.085 0.998083 0.995783 0.99075 0.979832 0.956592 0.909055 0.819296 0.67283 0.482618 0.297313 0.161015 0.0800798 0.0379852 0.0175948 0.00805822 0.00367126 0.00166858
2.09 0.998111 0.995846 0.990887 0.980126 0.95721 0.910288 0.821506 0.676124 0.486365 0.300457 0.163052 0.0811918 0.0385372 0.0178559 0.00817901 0.00372654 0.00169376
2.095 0.998139 0.995907 0.991021 0.980417 0.95782 0.911505 0.823695 0.6794 0.490112 0.303619 0.165109 0.0823178 0.0390968 0.0181209 0.00830159 0.00378265 0.00171931
2.1 0.998167 0.995968 0.991154 0.980702 0.958422 0.912708 0.825863 0.682658 0.493861 0.3068 0.167187 0.0834581 0.0396642 0.0183897 0.008426 0.0038396 0.00174525
2.105 0.998194 0.996028 0.991284 0.980984 0.959016 0.913895 0.828009 0.685899 0.497611 0.309999 0.169286 0.0846126 0.0402396 0.0186625 0.00855225 0.0038974 0.00177158
2.11 0.998221 0.996087 0.991413 0.981262 0.959601 0.915068 0.830135 0.689121 0.501361 0.313216 0.171406 0.0857817 0.0408229 0.0189392 0.00868038 0.00395607 0.00179831
2.115 0.998248 0.996145 0.99154 0.981536 0.960179 0.916227 0.83224 0.692326 0.505111 0.316452 0.173547 0.0869654 0.0414143 0.0192199 0.00881041 0.00401561 0.00182543
2.12 0.998274 0.996202 0.991664 0.981806 0.960748 0.917371 0.834323 0.695511 0.50886 0.319706 0.175709 0.0881638 0.0420139 0.0195047 0.00894237 0.00407606 0.00185297
2.125 0.998299 0.996258 0.991788 0.982072 0.96131 0.918501 0.836386 0.698679 0.512608 0.322977 0.177892 0.0893772 0.0426218 0.0197936 0.00907629 0.0041374 0.00188092
2.13 0.998325 0.996314 0.991909 0.982334 0.961864 0.919617 0.838429 0.701827 0.516355 0.326265 0.180096 0.0906055 0.0432381 0.0200868 0.0092122 0.00419967 0.00190929
2.135 0.998349 0.996368 0.992028 0.982592 0.962411 0.920719 0.84045 0.704957 0.5201 0.329571 0.182322 0.0918491 0.0438629 0.0203842 0.00935012 0.00426287 0.00193809
2.14 0.998374 0.996422 0.992146 0.982847 0.96295 0.921807 0.842452 0.708067 0.523843 0.332894 0.184569 0.093108 0.0444963 0.0206859 0.00949009 0.00432701 0.00196733
2.145 0.998398 0.996475 0.992262 0.983098 0.963481 0.922881 0.844432 0.711158 0.527583 0.336233 0.186837 0.0943823 0.0451384 0.0209919 0.00963213 0.00439212 0.001997
2.15 0.998422 0.996528 0.992376 0.983346 0.964005 0.923942 0.846393 0.714229 0.53132 0.339589 0.189127 0.0956722 0.0457893 0.0213024 0.00977628 0.0044582 0.00202712
2.155 0.998445 0.996579 0.992489 0.98359 0.964522 0.924989 0.848333 0.717281 0.535054 0.342961 0.191438 0.0969779 0.0464492 0.0216174 0.00992256 0.00452528 0.00205769
2.16 0.998469 0.99663 0.9926 0.98383 0.965032 0.926024 0.850253 0.720313 0.538783 0.346349 0.19377 0.0982995 0.0471181 0.0219369 0.010071 0.00459335 0.00208872
2.165 0.998491 0.99668 0.992709 0.984067 0.965534 0.927045 0.852152 0.723325 0.542508 0.349753 0.196125 0.0996371 0.0477962 0.0222611 0.0102217 0.00466245 0.00212022
2.17 0.998514 0.996729 0.992817 0.9843 0.96603 0.928053 0.854032 0.726317 0.546229 0.353172 0.1985 0.100991 0.0484835 0.0225899 0.0103745 0.00473258 0.0021522
2.175 0.998536 0.996778 0.992923 0.98453 0.966519 0.929048 0.855892 0.729288 0.549944 0.356606 0.200898 0.102361 0.0491802 0.0229235 0.0105297 0.00480376 0.00218465
2.18 0.998558 0.996826 0.993028 0.984757 0.967001 0.93003 0.857733 0.732239 0.553654 0.360055 0.203316 0.103747 0.0498864 0.0232619 0.0106871 0.004876 0.0022176
2.185 0.998579 0.996873 0.993131 0.984981 0.967476 0.931 0.859553 0.73517 0.557358 0.363519 0.205757 0.10515 0.0506022 0.0236051 0.0108469 0.00494933 0.00225104
2.19 0.9986 0.996919 0.993233 0.985201 0.967945 0.931957 0.861354 0.73808 0.561055 0.366996 0.208219 0.10657 0.0513277 0.0239533 0.011009 0.00502375 0.00228498
2.195 0.998621 0.996965 0.993333 0.985418 0.968407 0.932902 0.863136 0.74097 0.564746 0.370488 0.210703 0.108007 0.052063 0.0243066 0.0111735 0.00509929 0.00231943
2.2 0.998641 0.99701 0.993431 0.985632 0.968863 0.933835 0.864898 0.743838 0.568429 0.373993 0.213208 0.109461 0.0528083 0.0246648 0.0113405 0.00517596 0.0023544
2.205 0.998662 0.997054 0.993529 0.985843 0.969312 0.934756 0.866641 0.746686 0.572105 0.377511 0.215735 0.110931 0.0535637 0.0250283 0.0115099 0.00525377 0.0023899
2.21 0.998682 0.997098 0.993624 0.986051 0.969755 0.935665 0.868365 0.749513 0.575773 0.381043 0.218284 0.112419 0.0543292 0.0253969 0.0116818 0.00533275 0.00242593
2.215 0.998701 0.997141 0.993719 0.986256 0.970192 0.936562 0.870071 0.752318 0.579433 0.384587 0.220854 0.113925 0.055105 0.0257709 0.0118563 0.00541291 0.0024625
2.22 0.99872 0.997183 0.993812 0.986458 0.970623 0.937447 0.871757 0.755103 0.583084 0.388143 0.223446 0.115448 0.0558913 0.0261501 0.0120333 0.00549426 0.00249963
2.225 0.99874 0.997225 0.993903 0.986656 0.971048 0.938321 0.873425 0.757866 0.586725 0.391711 0.22606 0.116988 0.0566881 0.0265349 0.0122129 0.00557684 0.00253731
2.23 0.998758 0.997266 0.993993 0.986853 0.971466 0.939184 0.875074 0.760608 0.590358 0.395291 0.228695 0.118547 0.0574956 0.0269251 0.0123952 0.00566064 0.00257556
2.235 0.998777 0.997307 0.994082 0.987046 0.971879 0.940035 0.876704 0.763328 0.59398 0.398882 0.231352 0.120123 0.0583138 0.0273209 0.0125802 0.0057457 0.00261438
2.24 0.998795 0.997347 0.99417 0.987236 0.972286 0.940875 0.878316 0.766027 0.597593 0.402484 0.23403 0.121718 0.059143 0.0277224 0.0127679 0.00583203 0.00265379
2.245 0.998813 0.997386 0.994256 0.987424 0.972688 0.941704 0.879911 0.768705 0.601194 0.406097 0.23673 0.12333 0.0599832 0.0281295 0.0129584 0.00591965 0.00269378
2.25 0.99883 0.997425 0.994341 0.987609 0.973083 0.942522 0.881487 0.771361 0.604785 0.40972 0.239451 0.124961 0.0608346 0.0285425 0.0131516 0.00600857 0.00273438
2.255 0.998848 0.997464 0.994425 0.987791 0.973473 0.943329 0.883045 0.773996 0.608365 0.413352 0.242193 0.126611 0.0616973 0.0289614 0.0133477 0.00609883 0.0027756
2.26 0.998865 0.997501 0.994507 0.987971 0.973858 0.944126 0.884585 0.776609 0.611933 0.416994 0.244957 0.128279 0.0625714 0.0293862 0.0135467 0.00619043 0.00281742
2.265 0.998882 0.997538 0.994589 0.988147 0.974237 0.944912 0.886108 0.779201 0.615489 0.420645 0.247742 0.129966 0.063457 0.0298171 0.0137486 0.0062834 0.00285988
2.27 0.998899 0.997575 0.994669 0.988322 0.974611 0.945687 0.887613 0.781771 0.619033 0.424305 0.250548 0.131671 0.0643543 0.0302541 0.0139535 0.00637775 0.00290298
2.275 0.998915 0.997611 0.994748 0.988494 0.97498 0.946453 0.8891 0.784319 0.622564 0.427973 0.253375 0.133396 0.0652634 0.0306973 0.0141614 0.00647352 0.00294672
2.28 0.998931 0.997646 0.994826 0.988663 0.975343 0.947208 0.890571 0.786845 0.626082 0.431649 0.256223 0.135139 0.0661845 0.0311468 0.0143724 0.00657071 0.00299112
2.285 0.998947 0.997681 0.994902 0.98883 0.975701 0.947953 0.892024 0.78935 0.629587 0.435333 0.259092 0.136902 0.0671176 0.0316026 0.0145864 0.00666935 0.00303619
2.29 0.998963 0.997716 0.994978 0.988994 0.976054 0.948688 0.89346 0.791834 0.633078 0.439024 0.261982 0.138684 0.0680629 0.0320649 0.0148036 0.00676946 0.00308194
2.295 0.998978 0.99775 0.995052 0.989157 0.976402 0.949413 0.89488 0.794295 0.636555 0.442721 0.264892 0.140485 0.0690205 0.0325338 0.0150239 0.00687107 0.00312837
2.3 0.998993 0.997783 0.995126 0.989316 0.976745 0.950129 0.896282 0.796735 0.640019 0.446425 0.267823 0.142307 0.0699906 0.0330092 0.0152475 0.00697418 0.0031755
2.305 0.999008 0.997816 0.995198 0.989474 0.977084 0.950835 0.897669 0.799154 0.643467 0.450135 0.270775 0.144147 0.0709733 0.0334914 0.0154744 0.00707884 0.00322333
2.31 0.999023 0.997848 0.995269 0.989629 0.977417 0.951531 0.899038 0.801551 0.646901 0.453851 0.273747 0.146008 0.0719688 0.0339803 0.0157046 0.00718505 0.00327189
2.315 0.999037 0.99788 0.995339 0.989782 0.977746 0.952218 0.900392 0.803926 0.65032 0.457571 0.276739 0.147888 0.0729771 0.0344762 0.0159382 0.00729285 0.00332117
2.32 0.999052 0.997912 0.995408 0.989932 0.97807 0.952896 0.901729 0.80628 0.653723 0.461296 0.279752 0.149788 0.0739984 0.034979 0.0161751 0.00740225 0.0033712
2.325 0.999066 0.997943 0.995476 0.990081 0.978389 0.953565 0.90305 0.808612 0.657111 0.465026 0.282784 0.151708 0.0750328 0.0354889 0.0164156 0.00751328 0.00342197
2.33 0.99908 0.997974 0.995543 0.990227 0.978704 0.954225 0.904355 0.810922 0.660482 0.46876 0.285836 0.153649 0.0760805 0.0360059 0.0166595 0.00762596 0.00347351
2.335 0.999093 0.998004 0.995609 0.990371 0.979015 0.954875 0.905645 0.813211 0.663838 0.472497 0.288908 0.15561 0.0771416 0.0365302 0.0169071 0.00774032 0.00352582
2.34 0.999107 0.998033 0.995674 0.990513 0.979321 0.955517 0.906919 0.815479 0.667177 0.476237 0.291999 0.157591 0.0782163 0.0370618 0.0171582 0.00785639 0.00357891
2.345 0.99912 0.998063 0.995738 0.990653 0.979622 0.956151 0.908178 0.817726 0.670499 0.47998 0.29511 0.159592 0.0793046 0.0376009 0.017413 0.00797417 0.00363281
2.35 0.999133 0.998091 0.995802 0.990791 0.97992 0.956775 0.909421 0.819951 0.673805 0.483725 0.29824 0.161615 0.0804068 0.0381474 0.0176715 0.00809371 0.00368751
2.355 0.999146 0.99812 0.995864 0.990927 0.980213 0.957391 0.910649 0.822155 0.677093 0.487471 0.301389 0.163657 0.0815229 0.0387017 0.0179338 0.00821503 0.00374303
2.36 0.999159 0.998148 0.995925 0.99106 0.980501 0.957999 0.911862 0.824337 0.680364 0.49122 0.304556 0.165721 0.0826531 0.0392636 0.0181999 0.00833815 0.00379938
2.365 0.999171 0.998175 0.995986 0.991192 0.980786 0.958598 0.91306 0.826499 0.683617 0.494969 0.307743 0.167805 0.0837976 0.0398333 0.0184699 0.00846309 0.00385658
2.37 0.999184 0.998202 0.996045 0.991322 0.981067 0.95919 0.914243 0.828639 0.686852 0.498719 0.310947 0.16991 0.0849564 0.040411 0.0187438 0.0085899 0.00391464
2.375 0.999196 0.998229 0.996104 0.99145 0.981343 0.959773 0.915412 0.830759 0.69007 0.502469 0.31417 0.172036 0.0861298 0.0409967 0.0190217 0.00871859 0.00397356
2.38 0.999208 0.998255 0.996162 0.991577 0.981616 0.960348 0.916566 0.832857 0.693269 0.506218 0.317411 0.174183 0.0873178 0.0415905 0.0193036 0.00884919 0.00403337
2.385 0.99922 0.998281 0.996219 0.991701 0.981885 0.960915 0.917706 0.834935 0.696449 0.509967 0.32067 0.176352 0.0885207 0.0421926 0.0195896 0.00898172 0.00409408
2.39 0.999231 0.998307 0.996275 0.991824 0.98215 0.961475 0.918832 0.836992 0.699611 0.513715 0.323946 0.178541 0.0897384 0.0428029 0.0198798 0.00911623 0.0041557
2.395 0.999243 0.998332 0.99633 0.991944 0.982411 0.962026 0.919944 0.839028 0.702754 0.517462 0.32724 0.180752 0.0909713 0.0434217 0.0201742 0.00925273 0.00421824
2.4 0.999254 0.998357 0.996384 0.992063 0.982668 0.962571 0.921042 0.841044 0.705877 0.521206 0.330551 0.182983 0.0922193 0.0440491 0.0204728 0.00939125 0.00428172
2.405 0.999265 0.998381 0.996438 0.992181 0.982922 0.963107 0.922126 0.843039 0.708982 0.524948 0.333879 0.185237 0.0934828 0.044685 0.0207758 0.00953183 0.00434614
2.41 0.999276 0.998405 0.996491 0.992296 0.983172 0.963637 0.923196 0.845013 0.712067 0.528687 0.337223 0.187511 0.0947617 0.0453298 0.0210832 0.00967449 0.00441154
2.415 0.999287 0.998429 0.996543 0.99241 0.983418 0.964159 0.924253 0.846968 0.715133 0.532423 0.340584 0.189807 0.0960563 0.0459833 0.021395 0.00981926 0.00447791
2.42 0.999297 0.998452 0.996594 0.992522 0.983661 0.964673 0.925296 0.848902 0.718179 0.536156 0.343961 0.192125 0.0973666 0.0466459 0.0217113 0.00996619 0.00454528
2.425 0.999308 0.998475 0.996645 0.992633 0.9839 0.965181 0.926326 0.850816 0.721205 0.539884 0.347353 0.194464 0.0986929 0.0473175 0.0220322 0.0101153 0.00461365
2.43 0.999318 0.998498 0.996695 0.992741 0.984136 0.965682 0.927344 0.85271 0.724211 0.543608 0.350761 0.196824 0.100035 0.0479982 0.0223577 0.0102666 0.00468305
2.435 0.999328 0.99852 0.996744 0.992849 0.984369 0.966175 0.928348 0.854584 0.727196 0.547327 0.354185 0.199206 0.101394 0.0486883 0.022688 0.0104201 0.00475349
2.44 0.999338 0.998542 0.996792 0.992954 0.984598 0.966662 0.929339 0.856438 0.730162 0.55104 0.357623 0.20161 0.102769 0.0493878 0.0230229 0.0105759 0.00482499
2.445 0.999348 0.998564 0.99684 0.993059 0.984824 0.967142 0.930318 0.858272 0.733107 0.554748 0.361077 0.204035 0.10416 0.0500968 0.0233628 0.0107341 0.00489755
2.45 0.999358 0.998585 0.996886 0.993161 0.985046 0.967615 0.931284 0.860087 0.736032 0.55845 0.364544 0.206482 0.105568 0.0508155 0.0237075 0.0108945 0.0049712
2.455 0.999367 0.998606 0.996933 0.993262 0.985266 0.968082 0.932238 0.861882 0.738936 0.562146 0.368026 0.20895 0.106993 0.0515439 0.0240571 0.0110573 0.00504595
2.46 0.999377 0.998627 0.996978 0.993362 0.985482 0.968542 0.933179 0.863658 0.741819 0.565834 0.371522 0.211441 0.108434 0.0522821 0.0244119 0.0112226 0.00512182
2.465 0.999386 0.998647 0.997023 0.99346 0.985695 0.968996 0.934109 0.865415 0.744681 0.569516 0.375031 0.213952 0.109893 0.0530304 0.0247716 0.0113903 0.00519882
2.47 0.999395 0.998668 0.997067 0.993557 0.985905 0.969444 0.935026 0.867153 0.747523 0.573189 0.378553 0.216486 0.111369 0.0537887 0.0251366 0.0115604 0.00527698
2.475 0.999404 0.998687 0.997111 0.993652 0.986112 0.969885 0.935931 0.868871 0.750343 0.576855 0.382088 0.219041 0.112862 0.0545573 0.0255068 0.0117331 0.0053563
2.48 0.999413 0.998707 0.997154 0.993746 0.986316 0.97032 0.936825 0.870571 0.753143 0.580512 0.385636 0.221618 0.114373 0.0553362 0.0258823 0.0119083 0.00543681
2.485 0.999422 0.998726 0.997196 0.993839 0.986517 0.970749 0.937707 0.872251 0.755921 0.58416 0.389196 0.224216 0.115901 0.0561255 0.0262632 0.0120861 0.00551853
2.49 0.99943 0.998745 0.997238 0.99393 0.986715 0.971172 0.938577 0.873914 0.758678 0.587799 0.392767 0.226836 0.117447 0.0569255 0.0266496 0.0122665 0.00560146
2.495 0.999439 0.998764 0.997279 0.99402 0.98691 0.971589 0.939436 0.875557 0.761414 0.591429 0.396351 0.229478 0.119011 0.0577361 0.0270414 0.0124496 0.00568563
2.5 0.999447 0.998782 0.997319 0.994108 0.987102 0.972 0.940284 0.877182 0.764128 0.595048 0.399945 0.232141 0.120592 0.0585576 0.0274389 0.0126353 0.00577107
