0 0.501859 0.313551 0.171572 0.085855 0.0408546 0.0189531 0.0086866 0.00395886 0.00179957 0.000817062 0.000370773 0.000168212 7.63055e-05 3.46126e-05 1.57001e-05 7.12141e-06 3.23019e-06
0.005 0.505579 0.316571 0.173457 0.0868592 0.0413463 0.0191842 0.00879314 0.00400755 0.00182173 0.000827128 0.000375342 0.000170285 7.7246e-05 3.50392e-05 1.58936e-05 7.20919e-06 3.27e-06
0.01 0.509304 0.319609 0.17536 0.0878745 0.0418437 0.0194181 0.00890098 0.00405684 0.00184416 0.000837318 0.000379967 0.000172383 7.8198e-05 3.54711e-05 1.60895e-05 7.29804e-06 3.31031e-06
0.015 0.513032 0.322666 0.177281 0.088901 0.042347 0.0196548 0.00901014 0.00410673 0.00186686 0.000847633 0.00038465 0.000174508 7.91618e-05 3.59083e-05 1.62878e-05 7.38799e-06 3.35111e-06
0.02 0.516763 0.325742 0.179219 0.0899387 0.0428562 0.0198944 0.00912063 0.00415723 0.00188985 0.000858076 0.00038939 0.000176659 8.01375e-05 3.63508e-05 1.64886e-05 7.47906e-06 3.39241e-06
0.025 0.520497 0.328837 0.181176 0.0909877 0.0433713 0.0201368 0.00923247 0.00420835 0.00191312 0.000868647 0.000394188 0.000178836 8.11252e-05 3.67989e-05 1.66918e-05 7.57124e-06 3.43422e-06
0.03 0.524233 0.331951 0.183152 0.0920483 0.0438925 0.0203822 0.00934567 0.00426009 0.00193667 0.000879348 0.000399046 0.00018104 8.2125e-05 3.72524e-05 1.68975e-05 7.66456e-06 3.47655e-06
0.035 0.527971 0.335082 0.185146 0.0931204 0.0444198 0.0206305 0.00946025 0.00431248 0.00196052 0.000890181 0.000403963 0.000183271 8.31372e-05 3.77116e-05 1.71058e-05 7.75903e-06 3.5194e-06
0.04 0.53171 0.338232 0.187158 0.0942043 0.0449532 0.0208818 0.00957623 0.0043655 0.00198466 0.000901148 0.000408941 0.00018553 8.41619e-05 3.81764e-05 1.73166e-05 7.85466e-06 3.56278e-06
0.045 0.53545 0.341401 0.189189 0.0952999 0.0454929 0.0211361 0.00969362 0.00441918 0.00200909 0.000912249 0.00041398 0.000187816 8.51992e-05 3.86469e-05 1.75301e-05 7.95147e-06 3.60669e-06
0.05 0.539191 0.344587 0.191239 0.0964075 0.0460388 0.0213935 0.00981245 0.00447351 0.00203383 0.000923488 0.000419081 0.000190131 8.62492e-05 3.91232e-05 1.77461e-05 8.04948e-06 3.65115e-06
0.055 0.542932 0.347791 0.193307 0.0975271 0.0465912 0.021654 0.00993272 0.00452851 0.00205887 0.000934864 0.000424246 0.000192474 8.73123e-05 3.96054e-05 1.79649e-05 8.14869e-06 3.69615e-06
0.06 0.546673 0.351012 0.195394 0.0986588 0.04715 0.0219176 0.0100545 0.00458418 0.00208421 0.000946381 0.000429473 0.000194846 8.83884e-05 4.00936e-05 1.81863e-05 8.24913e-06 3.74171e-06
0.065 0.550412 0.354252 0.197501 0.0998028 0.0477153 0.0221843 0.0101777 0.00464054 0.00210987 0.000958039 0.000434766 0.000197247 8.94777e-05 4.05877e-05 1.84104e-05 8.3508e-06 3.78783e-06
0.07 0.554151 0.357508 0.199626 0.100959 0.0482871 0.0224543 0.0103024 0.00469759 0.00213585 0.000969841 0.000440123 0.000199678 9.05806e-05 4.1088e-05 1.86373e-05 8.45373e-06 3.83451e-06
0.075 0.557887 0.360782 0.20177 0.102128 0.0488657 0.0227275 0.0104287 0.00475533 0.00216214 0.000981788 0.000445546 0.000202139 9.16969e-05 4.15944e-05 1.88671e-05 8.55792e-06 3.88177e-06
0.08 0.561622 0.364072 0.203934 0.103309 0.0494509 0.023004 0.0105564 0.00481379 0.00218876 0.000993883 0.000451037 0.00020463 9.28271e-05 4.21071e-05 1.90996e-05 8.6634e-06 3.92962e-06
0.085 0.565353 0.367379 0.206117 0.104503 0.050043 0.0232839 0.0106858 0.00487296 0.0022157 0.00100613 0.000456594 0.000207152 9.39712e-05 4.26261e-05 1.9335e-05 8.77018e-06 3.97805e-06
0.09 0.569082 0.370703 0.208319 0.10571 0.0506419 0.023567 0.0108167 0.00493286 0.00224298 0.00101852 0.000462221 0.000209705 9.51294e-05 4.31514e-05 1.95733e-05 8.87828e-06 4.02709e-06
0.095 0.572807 0.374043 0.210541 0.10693 0.0512478 0.0238536 0.0109492 0.00499349 0.00227059 0.00103107 0.000467916 0.00021229 9.63018e-05 4.36833e-05 1.98146e-05 8.98771e-06 4.07672e-06
0.1 0.576528 0.377399 0.212782 0.108163 0.0518607 0.0241436 0.0110833 0.00505486 0.00229854 0.00104377 0.000473682 0.000214906 9.74887e-05 4.42217e-05 2.00588e-05 9.09849e-06 4.12697e-06
0.105 0.580244 0.380771 0.215043 0.109409 0.0524807 0.0244371 0.0112191 0.00511699 0.00232683 0.00105662 0.000479519 0.000217554 9.86903e-05 4.47667e-05 2.0306e-05 9.21063e-06 4.17784e-06
0.11 0.583955 0.384159 0.217323 0.110668 0.0531079 0.0247341 0.0113565 0.00517987 0.00235548 0.00106964 0.000485428 0.000220236 9.99066e-05 4.53185e-05 2.05563e-05 9.32415e-06 4.22933e-06
0.115 0.587661 0.387562 0.219623 0.11194 0.0537423 0.0250346 0.0114956 0.00524353 0.00238447 0.00108282 0.000491409 0.00022295 0.000101138 4.5877e-05 2.08097e-05 9.43908e-06 4.28146e-06
0.12 0.591361 0.39098 0.221943 0.113226 0.0543841 0.0253388 0.0116364 0.00530797 0.00241382 0.00109615 0.000497464 0.000225697 0.000102384 4.64425e-05 2.10662e-05 9.55542e-06 4.33423e-06
0.125 0.595055 0.394413 0.224283 0.114526 0.0550332 0.0256466 0.0117788 0.0053732 0.00244353 0.00110966 0.000503594 0.000228479 0.000103646 4.70149e-05 2.13258e-05 9.67319e-06 4.38765e-06
0.13 0.598742 0.397861 0.226643 0.115839 0.0556899 0.025958 0.0119231 0.00543922 0.00247361 0.00112333 0.0005098 0.000231295 0.000104924 4.75944e-05 2.15886e-05 9.79242e-06 4.44173e-06
0.135 0.602421 0.401323 0.229022 0.117166 0.0563541 0.0262732 0.012069 0.00550606 0.00250406 0.00113716 0.000516081 0.000234145 0.000106217 4.8181e-05 2.18547e-05 9.91312e-06 4.49648e-06
0.14 0.606093 0.404799 0.231422 0.118508 0.057026 0.0265922 0.0122168 0.00557371 0.00253488 0.00115117 0.000522441 0.000237031 0.000107526 4.87748e-05 2.21241e-05 1.00353e-05 4.5519e-06
0.145 0.609756 0.408289 0.233841 0.119863 0.0577056 0.026915 0.0123663 0.00564219 0.00256608 0.00116535 0.000528878 0.000239952 0.000108851 4.9376e-05 2.23968e-05 1.0159e-05 4.608e-06
0.15 0.613411 0.411792 0.236281 0.121232 0.058393 0.0272416 0.0125177 0.00571151 0.00259766 0.0011797 0.000535395 0.000242909 0.000110193 4.99845e-05 2.26728e-05 1.02842e-05 4.6648e-06
0.155 0.617056 0.415309 0.238741 0.122616 0.0590883 0.0275721 0.0126709 0.00578168 0.00262963 0.00119423 0.000541992 0.000245902 0.000111551 5.06006e-05 2.29523e-05 1.0411e-05 4.72229e-06
0.16 0.620692 0.418838 0.241221 0.124014 0.0597915 0.0279066 0.0128259 0.00585271 0.00266199 0.00120894 0.00054867 0.000248933 0.000112926 5.12243e-05 2.32352e-05 1.05393e-05 4.7805e-06
0.165 0.624318 0.42238 0.243721 0.125426 0.0605029 0.028245 0.0129829 0.00592461 0.00269476 0.00122383 0.000555431 0.000252001 0.000114317 5.18556e-05 2.35216e-05 1.06692e-05 4.83942e-06
0.17 0.627934 0.425935 0.246241 0.126853 0.0612223 0.0285875 0.0131417 0.00599739 0.00272792 0.00123891 0.000562275 0.000255106 0.000115726 5.24947e-05 2.38115e-05 1.08007e-05 4.89907e-06
0.175 0.631538 0.429501 0.248782 0.128295 0.06195 0.0289341 0.0133025 0.00607106 0.00276149 0.00125417 0.000569203 0.00025825 0.000117153 5.31417e-05 2.4105e-05 1.09338e-05 4.95945e-06
0.18 0.635132 0.43308 0.251342 0.129752 0.0626861 0.0292848 0.0134653 0.00614563 0.00279548 0.00126961 0.000576216 0.000261433 0.000118597 5.37967e-05 2.44021e-05 1.10686e-05 5.02058e-06
0.185 0.638713 0.436669 0.253923 0.131224 0.0634305 0.0296397 0.01363 0.00622111 0.00282988 0.00128525 0.000583316 0.000264654 0.000120058 5.44598e-05 2.47028e-05 1.1205e-05 5.08246e-06
0.19 0.642282 0.440269 0.256525 0.132711 0.0641834 0.0299988 0.0137967 0.00629752 0.0028647 0.00130108 0.000590503 0.000267916 0.000121538 5.5131e-05 2.50073e-05 1.13431e-05 5.1451e-06
0.195 0.645839 0.443881 0.259146 0.134213 0.0649449 0.0303622 0.0139654 0.00637487 0.00289996 0.00131711 0.000597779 0.000271218 0.000123036 5.58105e-05 2.53155e-05 1.14829e-05 5.20852e-06
0.2 0.649383 0.447502 0.261788 0.135731 0.065715 0.0307299 0.0141362 0.00645316 0.00293564 0.00133333 0.000605145 0.00027456 0.000124552 5.64983e-05 2.56275e-05 1.16244e-05 5.27272e-06
0.205 0.652913 0.451133 0.264451 0.137264 0.0664939 0.031102 0.014309 0.0065324 0.00297177 0.00134975 0.000612601 0.000277944 0.000126087 5.71947e-05 2.59434e-05 1.17677e-05 5.33771e-06
0.21 0.656429 0.454774 0.267133 0.138812 0.0672816 0.0314785 0.014484 0.00661262 0.00300833 0.00136637 0.000620149 0.000281369 0.000127641 5.78996e-05 2.62632e-05 1.19128e-05 5.40349e-06
0.215 0.659931 0.458424 0.269836 0.140377 0.0680783 0.0318594 0.0146611 0.00669382 0.00304535 0.0013832 0.00062779 0.000284836 0.000129214 5.86132e-05 2.65869e-05 1.20596e-05 5.4701e-06
0.22 0.663418 0.462083 0.272559 0.141957 0.068884 0.0322449 0.0148403 0.00677601 0.00308282 0.00140024 0.000635525 0.000288346 0.000130807 5.93356e-05 2.69146e-05 1.22082e-05 5.53752e-06
0.225 0.666891 0.465751 0.275302 0.143553 0.0696988 0.032635 0.0150217 0.00685921 0.00312076 0.00141748 0.000643356 0.0002919 0.000132419 6.0067e-05 2.72463e-05 1.23587e-05 5.60577e-06
0.23 0.670347 0.469426 0.278066 0.145165 0.0705228 0.0330297 0.0152052 0.00694342 0.00315915 0.00143494 0.000651283 0.000295497 0.000134051 6.08073e-05 2.75821e-05 1.2511e-05 5.67486e-06
0.235 0.673788 0.473109 0.28085 0.146793 0.0713562 0.0334291 0.0153911 0.00702867 0.00319802 0.00145261 0.000659307 0.000299139 0.000135703 6.15567e-05 2.79221e-05 1.26652e-05 5.74481e-06
0.24 0.677213 0.476799 0.283654 0.148437 0.0721989 0.0338332 0.0155791 0.00711495 0.00323737 0.0014705 0.00066743 0.000302825 0.000137376 6.23154e-05 2.82662e-05 1.28213e-05 5.81562e-06
0.245 0.680621 0.480497 0.286478 0.150098 0.0730511 0.0342421 0.0157694 0.0072023 0.0032772 0.00148861 0.000675654 0.000306557 0.000139069 6.30835e-05 2.86146e-05 1.29794e-05 5.8873e-06
0.25 0.684012 0.4842 0.289322 0.151776 0.0739129 0.0346558 0.0159621 0.0072907 0.00331752 0.00150694 0.000683978 0.000310335 0.000140783 6.3861e-05 2.89673e-05 1.31393e-05 5.95986e-06
0.255 0.687386 0.48791 0.292186 0.153469 0.0747844 0.0350744 0.0161571 0.0073802 0.00335834 0.0015255 0.000692406 0.000314159 0.000142518 6.46481e-05 2.93243e-05 1.33013e-05 6.03332e-06
0.26 0.690742 0.491626 0.29507 0.15518 0.0756656 0.035498 0.0163544 0.00747078 0.00339965 0.00154429 0.000700937 0.00031803 0.000144274 6.54449e-05 2.96858e-05 1.34652e-05 6.10768e-06
0.265 0.69408 0.495346 0.297974 0.156908 0.0765568 0.0359266 0.0165541 0.00756247 0.00344147 0.0015633 0.000709573 0.00032195 0.000146052 6.62515e-05 3.00516e-05 1.36312e-05 6.18296e-06
0.27 0.6974 0.499072 0.300898 0.158652 0.0774579 0.0363602 0.0167562 0.00765528 0.00348381 0.00158255 0.000718315 0.000325917 0.000147852 6.7068e-05 3.0422e-05 1.37992e-05 6.25917e-06
0.275 0.700701 0.502802 0.303842 0.160414 0.078369 0.036799 0.0169608 0.00774923 0.00352667 0.00160204 0.000727165 0.000329933 0.000149675 6.78946e-05 3.0797e-05 1.39693e-05 6.33632e-06
0.28 0.703983 0.506535 0.306806 0.162192 0.0792904 0.037243 0.0171679 0.00784432 0.00357005 0.00162177 0.000736124 0.000333999 0.000151519 6.87314e-05 3.11766e-05 1.41415e-05 6.41441e-06
0.285 0.707246 0.510273 0.309789 0.163988 0.080222 0.0376922 0.0173774 0.00794058 0.00361396 0.00164174 0.000745194 0.000338115 0.000153387 6.95786e-05 3.15608e-05 1.43158e-05 6.49347e-06
0.29 0.71049 0.514013 0.312791 0.165802 0.081164 0.0381466 0.0175895 0.00803801 0.00365842 0.00166196 0.000754375 0.000342282 0.000155277 7.04361e-05 3.19498e-05 1.44922e-05 6.57351e-06
0.295 0.713713 0.517756 0.315814 0.167633 0.0821165 0.0386065 0.0178041 0.00813663 0.00370342 0.00168242 0.000763669 0.0003465 0.000157191 7.13042e-05 3.23436e-05 1.46708e-05 6.65453e-06
0.3 0.716916 0.521501 0.318855 0.169481 0.0830795 0.0390717 0.0180214 0.00823646 0.00374897 0.00170314 0.000773077 0.00035077 0.000159128 7.21831e-05 3.27423e-05 1.48516e-05 6.73655e-06
0.305 0.720099 0.525248 0.321916 0.171348 0.0840532 0.0395425 0.0182412 0.00833751 0.00379508 0.00172411 0.000782602 0.000355092 0.000161089 7.30727e-05 3.31458e-05 1.50347e-05 6.81958e-06
0.31 0.723261 0.528996 0.324996 0.173232 0.0850377 0.0400187 0.0184638 0.00843979 0.00384176 0.00174534 0.000792244 0.000359468 0.000163075 7.39733e-05 3.35544e-05 1.522e-05 6.90364e-06
0.315 0.726402 0.532745 0.328095 0.175134 0.086033 0.0405006 0.018689 0.00854331 0.00388901 0.00176683 0.000802004 0.000363898 0.000165084 7.48851e-05 3.39679e-05 1.54076e-05 6.98873e-06
0.32 0.729521 0.536495 0.331212 0.177054 0.0870394 0.0409881 0.0189169 0.00864811 0.00393684 0.00178859 0.000811885 0.000368382 0.000167119 7.5808e-05 3.43866e-05 1.55975e-05 7.07487e-06
0.325 0.732619 0.540244 0.334349 0.178992 0.0880568 0.0414814 0.0191475 0.00875418 0.00398525 0.00181061 0.000821887 0.000372922 0.000169179 7.67423e-05 3.48104e-05 1.57898e-05 7.16207e-06
0.33 0.735696 0.543993 0.337504 0.180948 0.0890854 0.0419804 0.019381 0.00886154 0.00403427 0.0018329 0.000832013 0.000377517 0.000171264 7.76882e-05 3.52395e-05 1.59844e-05 7.25034e-06
0.335 0.73875 0.54774 0.340678 0.182923 0.0901254 0.0424853 0.0196172 0.00897022 0.00408388 0.00185547 0.000842263 0.000382169 0.000173374 7.86457e-05 3.56738e-05 1.61814e-05 7.33971e-06
0.34 0.741783 0.551487 0.34387 0.184916 0.0911767 0.0429962 0.0198563 0.00908022 0.0041341 0.00187832 0.000852639 0.000386879 0.000175511 7.9615e-05 3.61135e-05 1.63808e-05 7.43017e-06
0.345 0.744792 0.555231 0.34708 0.186928 0.0922395 0.043513 0.0200983 0.00919157 0.00418493 0.00190145 0.000863144 0.000391646 0.000177674 8.05962e-05 3.65586e-05 1.65827e-05 7.52175e-06
0.35 0.74778 0.558973 0.350308 0.188958 0.093314 0.0440358 0.0203432 0.00930427 0.00423639 0.00192486 0.000873777 0.000396472 0.000179864 8.15896e-05 3.70092e-05 1.67871e-05 7.61446e-06
0.355 0.750744 0.562712 0.353554 0.191007 0.0944002 0.0445648 0.0205911 0.00941835 0.00428849 0.00194856 0.000884542 0.000401358 0.00018208 8.25952e-05 3.74653e-05 1.6994e-05 7.70831e-06
0.36 0.753686 0.566448 0.356818 0.193075 0.0954982 0.0450999 0.0208419 0.00953382 0.00434122 0.00197255 0.000895439 0.000406304 0.000184324 8.36132e-05 3.79271e-05 1.72035e-05 7.80332e-06
0.365 0.756604 0.57018 0.360099 0.195162 0.0966082 0.0456413 0.0210957 0.00965069 0.00439459 0.00199683 0.00090647 0.00041131 0.000186596 8.46437e-05 3.83946e-05 1.74155e-05 7.8995e-06
0.37 0.759499 0.573908 0.363397 0.197267 0.0977302 0.046189 0.0213527 0.009769 0.00444863 0.00202142 0.000917637 0.000416379 0.000188896 8.56869e-05 3.88678e-05 1.76302e-05 7.99686e-06
0.375 0.76237 0.577631 0.366712 0.199392 0.0988644 0.0467432 0.0216126 0.00988874 0.00450332 0.0020463 0.000928941 0.00042151 0.000191224 8.6743e-05 3.93468e-05 1.78475e-05 8.09543e-06
0.38 0.765218 0.581349 0.370045 0.201536 0.100011 0.0473037 0.0218758 0.0100099 0.00455869 0.0020715 0.000940385 0.000426704 0.00019358 8.78121e-05 3.98318e-05 1.80674e-05 8.19521e-06
0.385 0.768042 0.585061 0.373394 0.203699 0.10117 0.0478708 0.022142 0.0101326 0.00461473 0.002097 0.00095197 0.000431962 0.000195966 8.88944e-05 4.03227e-05 1.82901e-05 8.29622e-06
0.39 0.770842 0.588767 0.376759 0.205882 0.102341 0.0484445 0.0224115 0.0102568 0.00467146 0.00212281 0.000963697 0.000437285 0.000198381 8.999e-05 4.08197e-05 1.85156e-05 8.39847e-06
0.395 0.773619 0.592466 0.38014 0.208084 0.103525 0.0490249 0.0226842 0.0103825 0.00472889 0.00214895 0.000975568 0.000442673 0.000200826 9.10991e-05 4.13228e-05 1.87438e-05 8.50199e-06
0.4 0.776371 0.596159 0.383538 0.210305 0.104722 0.049612 0.0229602 0.0105097 0.00478702 0.0021754 0.000987586 0.000448128 0.000203301 9.22219e-05 4.18321e-05 1.89748e-05 8.60678e-06
0.405 0.779098 0.599844 0.386951 0.212546 0.105931 0.050206 0.0232395 0.0106385 0.00484586 0.00220218 0.000999752 0.00045365 0.000205807 9.33585e-05 4.23477e-05 1.92087e-05 8.71286e-06
0.41 0.781802 0.603521 0.39038 0.214807 0.107154 0.0508068 0.0235221 0.0107688 0.00490543 0.00222929 0.00101207 0.00045924 0.000208343 9.45091e-05 4.28697e-05 1.94454e-05 8.82025e-06
0.415 0.784481 0.607189 0.393824 0.217087 0.108389 0.0514146 0.0238082 0.0109008 0.00496572 0.00225674 0.00102453 0.000464899 0.000210911 9.56739e-05 4.33981e-05 1.96851e-05 8.92896e-06
0.42 0.787135 0.610849 0.397283 0.219387 0.109638 0.0520295 0.0240976 0.0110343 0.00502676 0.00228452 0.00103716 0.000470628 0.00021351 9.68531e-05 4.39329e-05 1.99277e-05 9.03902e-06
0.425 0.789765 0.614499 0.400757 0.221707 0.1109 0.0526515 0.0243906 0.0111694 0.00508854 0.00231264 0.00104993 0.000476427 0.000216141 9.80468e-05 4.44744e-05 2.01733e-05 9.15043e-06
0.43 0.79237 0.61814 0.404245 0.224047 0.112175 0.0532806 0.024687 0.0113062 0.00515108 0.00234111 0.00106286 0.000482297 0.000218805 9.92552e-05 4.50226e-05 2.0422e-05 9.26321e-06
0.435 0.794951 0.621771 0.407747 0.226406 0.113464 0.0539171 0.024987 0.0114447 0.00521438 0.00236992 0.00107596 0.00048824 0.000221501 0.000100479 4.55775e-05 2.06737e-05 9.37738e-06
0.44 0.797507 0.625391 0.411263 0.228786 0.114767 0.0545609 0.0252906 0.0115849 0.00527846 0.0023991 0.00108921 0.000494257 0.000224231 0.000101717 4.61392e-05 2.09285e-05 9.49296e-06
0.445 0.800038 0.628999 0.414792 0.231186 0.116083 0.0552121 0.0255978 0.0117267 0.00534333 0.00242863 0.00110263 0.000500347 0.000226995 0.000102971 4.67079e-05 2.11864e-05 9.60997e-06
0.45 0.802545 0.632597 0.418335 0.233606 0.117413 0.0558708 0.0259087 0.0118703 0.00540899 0.00245852 0.00111621 0.000506512 0.000229792 0.00010424 4.72836e-05 2.14476e-05 9.72842e-06
0.455 0.805026 0.636182 0.421891 0.236046 0.118757 0.0565372 0.0262233 0.0120156 0.00547545 0.00248878 0.00112996 0.000512753 0.000232624 0.000105524 4.78664e-05 2.17119e-05 9.84832e-06
0.46 0.807483 0.639755 0.425459 0.238506 0.120115 0.0572112 0.0265417 0.0121627 0.00554273 0.00251941 0.00114388 0.000519072 0.000235491 0.000106825 4.84563e-05 2.19795e-05 9.96971e-06
0.465 0.809915 0.643315 0.429039 0.240986 0.121488 0.0578929 0.0268639 0.0123116 0.00561083 0.00255042 0.00115797 0.000525468 0.000238393 0.000108142 4.90536e-05 2.22504e-05 1.00926e-05
0.47 0.812322 0.646862 0.432632 0.243487 0.122875 0.0585825 0.0271899 0.0124623 0.00567977 0.00258181 0.00117223 0.000531942 0.000241331 0.000109474 4.96582e-05 2.25247e-05 1.0217e-05
0.475 0.814704 0.650396 0.436236 0.246008 0.124276 0.05928 0.0275198 0.0126149 0.00574955 0.00261359 0.00118667 0.000538497 0.000244305 0.000110824 5.02702e-05 2.28023e-05 1.03429e-05
0.48 0.817062 0.653915 0.439851 0.248549 0.125692 0.0599855 0.0278537 0.0127692 0.00582019 0.00264576 0.00120128 0.000545132 0.000247316 0.000112189 5.08898e-05 2.30834e-05 1.04704e-05
0.485 0.819394 0.65742 0.443478 0.251111 0.127122 0.0606991 0.0281915 0.0129255 0.00589169 0.00267832 0.00121608 0.000551849 0.000250364 0.000113572 5.1517e-05 2.33679e-05 1.05994e-05
0.49 0.821702 0.660911 0.447115 0.253693 0.128567 0.0614208 0.0285334 0.0130836 0.00596406 0.00271128 0.00123106 0.000558649 0.000253449 0.000114972 5.2152e-05 2.36559e-05 1.07301e-05
0.495 0.823986 0.664386 0.450762 0.256295 0.130027 0.0621508 0.0288793 0.0132437 0.00603733 0.00274465 0.00124622 0.000565532 0.000256572 0.000116389 5.27948e-05 2.39474e-05 1.08623e-05
0.5 0.826244 0.667845 0.454418 0.258918 0.131502 0.0628891 0.0292294 0.0134057 0.00611149 0.00277843 0.00126157 0.000572501 0.000259734 0.000117823 5.34455e-05 2.42426e-05 1.09962e-05
0.505 0.828478 0.671289 0.458085 0.261561 0.132993 0.0636359 0.0295836 0.0135697 0.00618655 0.00281262 0.00127711 0.000579555 0.000262935 0.000119275 5.41042e-05 2.45414e-05 1.11318e-05
0.51 0.830688 0.674717 0.46176 0.264225 0.134498 0.0643912 0.029942 0.0137357 0.00626254 0.00284723 0.00129284 0.000586696 0.000266176 0.000120746 5.4771e-05 2.48439e-05 1.1269e-05
0.515 0.832873 0.678127 0.465444 0.266909 0.136019 0.0651551 0.0303048 0.0139037 0.00633945 0.00288227 0.00130876 0.000593925 0.000269456 0.000122234 5.54461e-05 2.51501e-05 1.14079e-05
0.52 0.835034 0.681521 0.469136 0.269613 0.137556 0.0659276 0.0306718 0.0140737 0.00641731 0.00291774 0.00132488 0.000601243 0.000272777 0.00012374 5.61294e-05 2.54601e-05 1.15485e-05
0.525 0.83717 0.684897 0.472836 0.272338 0.139108 0.066709 0.0310432 0.0142458 0.00649612 0.00295364 0.0013412 0.000608651 0.000276138 0.000125265 5.68213e-05 2.57739e-05 1.16908e-05
0.53 0.839282 0.688256 0.476544 0.275083 0.140676 0.0674992 0.031419 0.01442 0.00657589 0.00298999 0.00135772 0.00061615 0.000279541 0.000126809 5.75216e-05 2.60916e-05 1.18349e-05
0.535 0.84137 0.691597 0.480259 0.277848 0.142259 0.0682984 0.0317993 0.0145963 0.00665664 0.00302678 0.00137444 0.000623742 0.000282986 0.000128372 5.82305e-05 2.64131e-05 1.19808e-05
0.54 0.843434 0.694919 0.48398 0.280634 0.143859 0.0691066 0.032184 0.0147747 0.00673838 0.00306402 0.00139137 0.000631427 0.000286473 0.000129954 5.89482e-05 2.67387e-05 1.21284e-05
0.545 0.845475 0.698223 0.487707 0.28344 0.145475 0.069924 0.0325734 0.0149553 0.00682112 0.00310172 0.0014085 0.000639207 0.000290004 0.000131556 5.96748e-05 2.70683e-05 1.22779e-05
0.55 0.847491 0.701507 0.491441 0.286266 0.147106 0.0707506 0.0329674 0.0151381 0.00690486 0.00313989 0.00142585 0.000647083 0.000293578 0.000133177 6.04103e-05 2.74019e-05 1.24292e-05
0.555 0.849483 0.704773 0.49518 0.289113 0.148755 0.0715865 0.033366 0.0153231 0.00698964 0.00317852 0.00144341 0.000655056 0.000297196 0.000134818 6.11548e-05 2.77396e-05 1.25824e-05
0.56 0.851452 0.708019 0.498923 0.291979 0.150419 0.0724319 0.0337694 0.0155103 0.00707545 0.00321763 0.00146119 0.000663127 0.000300858 0.00013648 6.19086e-05 2.80815e-05 1.27375e-05
0.565 0.853398 0.711245 0.502671 0.294866 0.1521 0.0732868 0.0341775 0.0156998 0.00716231 0.00325722 0.00147918 0.000671297 0.000304566 0.000138162 6.26716e-05 2.84276e-05 1.28945e-05
0.57 0.85532 0.71445 0.506424 0.297773 0.153798 0.0741513 0.0345905 0.0158916 0.00725023 0.00329729 0.0014974 0.000679568 0.000308319 0.000139865 6.3444e-05 2.8778e-05 1.30535e-05
0.575 0.857219 0.717636 0.510179 0.3007 0.155513 0.0750255 0.0350084 0.0160857 0.00733922 0.00333786 0.00151584 0.000687941 0.000312118 0.000141589 6.4226e-05 2.91327e-05 1.32143e-05
0.58 0.859095 0.720801 0.513939 0.303647 0.157244 0.0759095 0.0354312 0.0162822 0.00742931 0.00337892 0.00153451 0.000696417 0.000315965 0.000143334 6.50176e-05 2.94918e-05 1.33772e-05
0.585 0.860948 0.723944 0.5177 0.306613 0.158993 0.0768034 0.035859 0.0164811 0.00752049 0.00342049 0.0015534 0.000704997 0.000319858 0.0001451 6.58189e-05 2.98553e-05 1.35421e-05
0.59 0.862778 0.727067 0.521464 0.3096 0.160758 0.0777073 0.0362919 0.0166823 0.00761279 0.00346257 0.00157253 0.000713683 0.0003238 0.000146888 6.66301e-05 3.02232e-05 1.3709e-05
0.595 0.864585 0.730168 0.52523 0.312606 0.162541 0.0786213 0.0367298 0.016886 0.00770622 0.00350516 0.0015919 0.000722476 0.00032779 0.000148699 6.74513e-05 3.05958e-05 1.3878e-05
0.6 0.86637 0.733248 0.528997 0.315632 0.164341 0.0795456 0.037173 0.0170921 0.00780079 0.00354828 0.0016115 0.000731378 0.00033183 0.000150531 6.82827e-05 3.09729e-05 1.4049e-05
0.605 0.868133 0.736306 0.532765 0.318677 0.166159 0.0804801 0.0376214 0.0173008 0.00789651 0.00359193 0.00163135 0.000740389 0.000335919 0.000152387 6.91243e-05 3.13546e-05 1.42222e-05
0.61 0.869873 0.739342 0.536534 0.321741 0.167994 0.081425 0.038075 0.0175119 0.00799341 0.00363611 0.00165143 0.000749511 0.000340059 0.000154265 6.99762e-05 3.17411e-05 1.43975e-05
0.615 0.871592 0.742355 0.540302 0.324825 0.169847 0.0823804 0.038534 0.0177256 0.00809148 0.00368084 0.00167177 0.000758745 0.000344249 0.000156166 7.08387e-05 3.21323e-05 1.45749e-05
0.62 0.873288 0.745346 0.54407 0.327928 0.171717 0.0833464 0.0389984 0.0179419 0.00819076 0.00372611 0.00169236 0.000768093 0.000348491 0.000158091 7.17118e-05 3.25283e-05 1.47546e-05
0.625 0.874963 0.748314 0.547837 0.33105 0.173606 0.0843232 0.0394683 0.0181608 0.00829125 0.00377194 0.00171319 0.000777556 0.000352786 0.000160039 7.25956e-05 3.29292e-05 1.49364e-05
0.63 0.876616 0.75126 0.551602 0.334191 0.175512 0.0853107 0.0399437 0.0183824 0.00839296 0.00381834 0.00173429 0.000787135 0.000357133 0.000162011 7.34904e-05 3.33351e-05 1.51205e-05
0.635 0.878248 0.754182 0.555365 0.337351 0.177437 0.0863091 0.0404247 0.0186066 0.00849592 0.0038653 0.00175565 0.000796833 0.000361534 0.000164008 7.43961e-05 3.3746e-05 1.53069e-05
0.64 0.879859 0.757082 0.559126 0.340529 0.179379 0.0873186 0.0409114 0.0188335 0.00860013 0.00391284 0.00177726 0.00080665 0.000365989 0.000166029 7.53131e-05 3.41619e-05 1.54956e-05
0.645 0.881448 0.759958 0.562885 0.343726 0.18134 0.0883392 0.0414038 0.0190632 0.00870562 0.00396096 0.00179915 0.000816588 0.000370499 0.000168076 7.62413e-05 3.45829e-05 1.56865e-05
0.65 0.883017 0.762811 0.566639 0.346942 0.18332 0.089371 0.0419019 0.0192956 0.0088124 0.00400967 0.0018213 0.000826648 0.000375065 0.000170147 7.7181e-05 3.50092e-05 1.58799e-05
0.655 0.884566 0.76564 0.57039 0.350175 0.185317 0.0904141 0.0424059 0.0195308 0.00892047 0.00405898 0.00184373 0.000836832 0.000379687 0.000172244 7.81322e-05 3.54407e-05 1.60756e-05
0.66 0.886093 0.768445 0.574137 0.353426 0.187334 0.0914687 0.0429158 0.0197689 0.00902987 0.0041089 0.00186643 0.000847142 0.000384366 0.000174367 7.90952e-05 3.58775e-05 1.62738e-05
0.665 0.887601 0.771227 0.577879 0.356695 0.189369 0.0925348 0.0434317 0.0200098 0.0091406 0.00415943 0.00188941 0.000857578 0.000389102 0.000176516 8.007e-05 3.63197e-05 1.64743e-05
0.67 0.889088 0.773984 0.581615 0.359982 0.191423 0.0936126 0.0439536 0.0202536 0.00925268 0.00421057 0.00191267 0.000868143 0.000393897 0.000178691 8.10569e-05 3.67674e-05 1.66774e-05
0.675 0.890555 0.776718 0.585346 0.363286 0.193495 0.0947021 0.0444816 0.0205004 0.00936613 0.00426235 0.00193622 0.000878838 0.000398751 0.000180893 8.20559e-05 3.72205e-05 1.68829e-05
0.68 0.892003 0.779428 0.58907 0.366608 0.195587 0.0958035 0.0450158 0.0207501 0.00948096 0.00431476 0.00196006 0.000889665 0.000403665 0.000183123 8.30672e-05 3.76793e-05 1.7091e-05
0.685 0.893431 0.782113 0.592788 0.369946 0.197698 0.0969169 0.0455563 0.0210029 0.0095972 0.00436781 0.00198419 0.000900625 0.000408639 0.00018538 8.4091e-05 3.81437e-05 1.73017e-05
0.69 0.89484 0.784774 0.596499 0.373301 0.199828 0.0980423 0.046103 0.0212587 0.00971485 0.00442151 0.00200862 0.00091172 0.000413674 0.000187664 8.51274e-05 3.86138e-05 1.75149e-05
0.695 0.896229 0.787411 0.600202 0.376673 0.201977 0.09918 0.0466561 0.0215175 0.00983393 0.00447587 0.00203335 0.000922952 0.000418772 0.000189977 8.61766e-05 3.90897e-05 1.77308e-05
0.7 0.8976 0.790023 0.603897 0.380061 0.204145 0.10033 0.0472157 0.0217795 0.00995447 0.0045309 0.00205838 0.000934322 0.000423932 0.000192318 8.72388e-05 3.95715e-05 1.79494e-05
0.705 0.898952 0.792611 0.607583 0.383465 0.206333 0.101492 0.0477818 0.0220446 0.0100765 0.00458661 0.00208372 0.000945832 0.000429156 0.000194688 8.8314e-05 4.00592e-05 1.81706e-05
0.71 0.900285 0.795175 0.611261 0.386885 0.20854 0.102667 0.0483545 0.0223129 0.0102 0.00464299 0.00210938 0.000957484 0.000434445 0.000197088 8.94024e-05 4.0553e-05 1.83945e-05
0.715 0.901599 0.797714 0.614929 0.390321 0.210767 0.103855 0.0489339 0.0225844 0.010325 0.00470007 0.00213535 0.000969279 0.000439798 0.000199517 9.05043e-05 4.10528e-05 1.86213e-05
0.72 0.902896 0.800228 0.618587 0.393772 0.213013 0.105055 0.04952 0.0228592 0.0104515 0.00475785 0.00216163 0.000981219 0.000445217 0.000201976 9.16198e-05 4.15588e-05 1.88508e-05
0.725 0.904174 0.802718 0.622234 0.397238 0.215279 0.106268 0.0501129 0.0231373 0.0105796 0.00481633 0.00218824 0.000993306 0.000450704 0.000204465 9.2749e-05 4.2071e-05 1.90831e-05
0.73 0.905435 0.805184 0.625871 0.400719 0.217565 0.107494 0.0507127 0.0234187 0.0107092 0.00487554 0.00221518 0.00100554 0.000456257 0.000206985 9.38921e-05 4.25895e-05 1.93183e-05
0.735 0.906678 0.807624 0.629497 0.404215 0.219871 0.108734 0.0513194 0.0237035 0.0108404 0.00493546 0.00224245 0.00101793 0.00046188 0.000209536 9.50493e-05 4.31145e-05 1.95564e-05
0.74 0.907903 0.810041 0.63311 0.407725 0.222196 0.109986 0.0519332 0.0239917 0.0109732 0.00499613 0.00227006 0.00103047 0.000467571 0.000212118 9.62207e-05 4.36459e-05 1.97975e-05
0.745 0.909112 0.812432 0.636712 0.411249 0.224542 0.111252 0.0525541 0.0242834 0.0111076 0.00505753 0.002298 0.00104316 0.000473333 0.000214732 9.74067e-05 4.41838e-05 2.00415e-05
0.75 0.910303 0.8148 0.640301 0.414786 0.226907 0.112531 0.0531822 0.0245785 0.0112436 0.00511969 0.00232629 0.00105601 0.000479165 0.000217378 9.86072e-05 4.47284e-05 2.02885e-05
0.755 0.911477 0.817142 0.643877 0.418337 0.229293 0.113824 0.0538175 0.0248772 0.0113814 0.00518261 0.00235492 0.00106902 0.000485069 0.000220057 9.98225e-05 4.52797e-05 2.05386e-05
0.76 0.912634 0.81946 0.64744 0.421901 0.231699 0.11513 0.0544602 0.0251795 0.0115207 0.0052463 0.00238391 0.00108219 0.000491047 0.000222769 0.000101053 4.58377e-05 2.07917e-05
0.765 0.913775 0.821754 0.650989 0.425477 0.234125 0.11645 0.0551103 0.0254854 0.0116618 0.00531077 0.00241326 0.00109552 0.000497097 0.000225515 0.000102298 4.64027e-05 2.1048e-05
0.77 0.9149 0.824023 0.654524 0.429066 0.236571 0.117784 0.0557679 0.0257949 0.0118046 0.00537603 0.00244296 0.00110901 0.000503223 0.000228294 0.000103559 4.69746e-05 2.13074e-05
0.775 0.916009 0.826268 0.658044 0.432667 0.239037 0.119132 0.0564331 0.0261082 0.0119491 0.00544209 0.00247303 0.00112267 0.000509423 0.000231107 0.000104835 4.75536e-05 2.157e-05
0.78 0.917101 0.828489 0.661548 0.43628 0.241524 0.120495 0.0571059 0.0264252 0.0120954 0.00550896 0.00250347 0.0011365 0.000515701 0.000233956 0.000106127 4.81397e-05 2.18359e-05
0.785 0.918178 0.830686 0.665038 0.439904 0.244031 0.121871 0.0577865 0.0267459 0.0122435 0.00557665 0.00253428 0.0011505 0.000522055 0.000236839 0.000107435 4.8733e-05 2.2105e-05
0.79 0.91924 0.832858 0.668512 0.443539 0.246558 0.123262 0.0584749 0.0270705 0.0123934 0.00564517 0.00256548 0.00116467 0.000528488 0.000239758 0.00010876 4.93337e-05 2.23775e-05
0.795 0.920286 0.835006 0.671969 0.447185 0.249106 0.124667 0.0591712 0.027399 0.0125451 0.00571453 0.00259705 0.00117902 0.000535 0.000242712 0.0001101 4.99417e-05 2.26533e-05
0.8 0.921316 0.837131 0.67541 0.450841 0.251674 0.126087 0.0598755 0.0277314 0.0126986 0.00578473 0.00262902 0.00119354 0.000541592 0.000245703 0.000111457 5.05573e-05 2.29325e-05
0.805 0.922332 0.839231 0.678834 0.454507 0.254262 0.127522 0.0605879 0.0280678 0.012854 0.0058558 0.00266137 0.00120824 0.000548265 0.000248731 0.000112831 5.11804e-05 2.32151e-05
0.81 0.923333 0.841308 0.682241 0.458183 0.256871 0.128971 0.0613084 0.0284082 0.0130113 0.00592774 0.00269413 0.00122312 0.000555021 0.000251797 0.000114221 5.18112e-05 2.35013e-05
0.815 0.924319 0.84336 0.68563 0.461867 0.259501 0.130436 0.0620372 0.0287526 0.0131705 0.00600055 0.00272728 0.00123819 0.00056186 0.0002549 0.000115629 5.24498e-05 2.37909e-05
0.82 0.925291 0.84539 0.689001 0.465561 0.262151 0.131915 0.0627743 0.0291012 0.0133316 0.00607426 0.00276085 0.00125344 0.000568783 0.000258041 0.000117054 5.30962e-05 2.40842e-05
0.825 0.926248 0.847395 0.692354 0.469263 0.264821 0.13341 0.0635198 0.0294539 0.0134947 0.00614887 0.00279482 0.00126888 0.000575791 0.000261221 0.000118497 5.37506e-05 2.4381e-05
0.83 0.927192 0.849378 0.695688 0.472972 0.267512 0.13492 0.0642738 0.0298108 0.0136598 0.00622439 0.00282922 0.00128451 0.000582886 0.00026444 0.000119957 5.44131e-05 2.46815e-05
0.835 0.928121 0.851337 0.699003 0.476689 0.270224 0.136445 0.0650364 0.0301719 0.0138269 0.00630084 0.00286403 0.00130033 0.000590068 0.000267699 0.000121436 5.50838e-05 2.49857e-05
0.84 0.929037 0.853273 0.702299 0.480414 0.272955 0.137986 0.0658077 0.0305373 0.013996 0.00637823 0.00289928 0.00131634 0.000597338 0.000270998 0.000122932 5.57627e-05 2.52937e-05
0.845 0.929939 0.855186 0.705575 0.484145 0.275708 0.139542 0.0665877 0.0309071 0.0141671 0.00645656 0.00293496 0.00133255 0.000604698 0.000274338 0.000124447 5.64499e-05 2.56054e-05
0.85 0.930827 0.857076 0.708832 0.487882 0.27848 0.141115 0.0673766 0.0312813 0.0143403 0.00653584 0.00297107 0.00134897 0.000612149 0.000277719 0.000125981 5.71457e-05 2.5921e-05
0.855 0.931703 0.858943 0.712068 0.491625 0.281274 0.142703 0.0681745 0.0316599 0.0145157 0.0066161 0.00300763 0.00136558 0.000619692 0.000281141 0.000127534 5.785e-05 2.62405e-05
0.86 0.932565 0.860787 0.715284 0.495374 0.284087 0.144307 0.0689814 0.0320431 0.0146931 0.00669734 0.00304464 0.0013824 0.000627327 0.000284606 0.000129106 5.8563e-05 2.65639e-05
0.865 0.933415 0.862609 0.718479 0.499128 0.286921 0.145927 0.0697974 0.0324307 0.0148727 0.00677958 0.0030821 0.00139942 0.000635057 0.000288113 0.000130697 5.92848e-05 2.68914e-05
0.87 0.934251 0.864409 0.721653 0.502886 0.289775 0.147564 0.0706226 0.032823 0.0150545 0.00686282 0.00312003 0.00141666 0.000642881 0.000291664 0.000132308 6.00155e-05 2.72228e-05
0.875 0.935075 0.866187 0.724806 0.506648 0.292649 0.149217 0.0714572 0.0332199 0.0152385 0.00694708 0.00315842 0.0014341 0.000650802 0.000295258 0.000133938 6.07552e-05 2.75583e-05
0.88 0.935887 0.867942 0.727938 0.510414 0.295544 0.150886 0.0723012 0.0336216 0.0154247 0.00703237 0.00319728 0.00145177 0.000658821 0.000298896 0.000135589 6.1504e-05 2.7898e-05
0.885 0.936686 0.869675 0.731047 0.514183 0.298459 0.152572 0.0731547 0.034028 0.0156132 0.0071187 0.00323662 0.00146965 0.000666938 0.00030258 0.00013726 6.22621e-05 2.82418e-05
0.89 0.937474 0.871387 0.734135 0.517955 0.301393 0.154275 0.0740178 0.0344392 0.0158039 0.00720608 0.00327644 0.00148774 0.000675155 0.000306309 0.000138952 6.30294e-05 2.85899e-05
0.895 0.938249 0.873077 0.7372 0.521729 0.304348 0.155994 0.0748905 0.0348552 0.015997 0.00729454 0.00331675 0.00150607 0.000683474 0.000310083 0.000140664 6.38063e-05 2.89423e-05
0.9 0.939013 0.874746 0.740244 0.525505 0.307323 0.15773 0.0757731 0.0352762 0.0161924 0.00738408 0.00335755 0.00152461 0.000691895 0.000313905 0.000142398 6.45927e-05 2.9299e-05
0.905 0.939765 0.876394 0.743264 0.529282 0.310317 0.159484 0.0766656 0.0357022 0.0163902 0.00747471 0.00339886 0.00154339 0.00070042 0.000317773 0.000144153 6.53888e-05 2.96602e-05
0.91 0.940505 0.87802 0.746262 0.53306 0.313331 0.161254 0.077568 0.0361332 0.0165903 0.00756645 0.00344067 0.0015624 0.000709049 0.000321689 0.000145929 6.61947e-05 3.00257e-05
0.915 0.941235 0.879625 0.749237 0.536838 0.316365 0.163042 0.0784806 0.0365693 0.0167929 0.00765931 0.003483 0.00158164 0.000717785 0.000325653 0.000147728 6.70106e-05 3.03958e-05
0.92 0.941953 0.88121 0.752189 0.540617 0.319419 0.164847 0.0794033 0.0370105 0.0169979 0.0077533 0.00352585 0.00160111 0.000726629 0.000329666 0.000149549 6.78365e-05 3.07704e-05
0.925 0.94266 0.882774 0.755117 0.544395 0.322492 0.16667 0.0803363 0.037457 0.0172054 0.00784845 0.00356922 0.00162083 0.000735581 0.000333729 0.000151392 6.86726e-05 3.11497e-05
0.93 0.943356 0.884318 0.758022 0.548172 0.325584 0.16851 0.0812797 0.0379087 0.0174154 0.00794475 0.00361312 0.00164079 0.000744644 0.000337841 0.000153258 6.9519e-05 3.15336e-05
0.935 0.944042 0.885841 0.760903 0.551947 0.328695 0.170368 0.0822336 0.0383657 0.017628 0.00804224 0.00365757 0.00166099 0.000753818 0.000342005 0.000155146 7.03758e-05 3.19223e-05
0.94 0.944717 0.887345 0.763761 0.55572 0.331826 0.172244 0.083198 0.0388282 0.0178431 0.00814091 0.00370256 0.00168145 0.000763106 0.000346219 0.000157059 7.12432e-05 3.23157e-05
0.945 0.945382 0.888828 0.766595 0.559491 0.334976 0.174137 0.0841732 0.039296 0.0180608 0.00824079 0.0037481 0.00170215 0.000772507 0.000350486 0.000158994 7.21212e-05 3.2714e-05
0.95 0.946036 0.890292 0.769404 0.563259 0.338144 0.176049 0.0851591 0.0397694 0.0182811 0.00834189 0.0037942 0.00172311 0.000782025 0.000354805 0.000160954 7.30101e-05 3.31173e-05
0.955 0.94668 0.891736 0.77219 0.567024 0.341331 0.177979 0.086156 0.0402484 0.0185041 0.00844422 0.00384086 0.00174433 0.000791659 0.000359177 0.000162937 7.391e-05 3.35254e-05
0.96 0.947314 0.893161 0.774952 0.570784 0.344537 0.179927 0.0871638 0.040733 0.0187298 0.0085478 0.0038881 0.00176581 0.000801413 0.000363603 0.000164945 7.48209e-05 3.39386e-05
0.965 0.947939 0.894567 0.777689 0.574541 0.347761 0.181893 0.0881828 0.0412232 0.0189582 0.00865265 0.00393592 0.00178755 0.000811286 0.000368084 0.000166978 7.57431e-05 3.43569e-05
0.97 0.948553 0.895953 0.780401 0.578292 0.351003 0.183878 0.089213 0.0417193 0.0191894 0.00875878 0.00398433 0.00180956 0.000821281 0.00037262 0.000169036 7.66766e-05 3.47804e-05
0.975 0.949159 0.897321 0.78309 0.582038 0.354263 0.185881 0.0902544 0.0422211 0.0194233 0.0088662 0.00403333 0.00183184 0.000831399 0.000377212 0.000171119 7.76216e-05 3.52091e-05
0.98 0.949754 0.898671 0.785753 0.585778 0.357541 0.187903 0.0913073 0.0427288 0.0196601 0.00897493 0.00408293 0.0018544 0.000841642 0.00038186 0.000173228 7.85783e-05 3.5643e-05
0.985 0.950341 0.900002 0.788392 0.589512 0.360837 0.189944 0.0923717 0.0432425 0.0198997 0.00908499 0.00413314 0.00187723 0.000852011 0.000386565 0.000175363 7.95468e-05 3.60824e-05
0.99 0.950918 0.901314 0.791007 0.593239 0.36415 0.192004 0.0934478 0.0437622 0.0201422 0.00919639 0.00418396 0.00190034 0.000862507 0.000391329 0.000177525 8.05272e-05 3.65271e-05
0.995 0.951486 0.902609 0.793596 0.596959 0.36748 0.194082 0.0945356 0.044288 0.0203877 0.00930916 0.00423541 0.00192374 0.000873133 0.000396151 0.000179712 8.15197e-05 3.69773e-05
1 0.952045 0.903886 0.796161 0.600671 0.370828 0.196179 0.0956353 0.0448199 0.020636 0.00942329 0.00428749 0.00194742 0.000883889 0.000401033 0.000181927 8.25244e-05 3.7433e-05
1.005 0.952596 0.905145 0.798701 0.604375 0.374192 0.198296 0.0967469 0.0453581 0.0208874 0.00953882 0.00434021 0.0019714 0.000894778 0.000405975 0.000184169 8.35415e-05 3.78944e-05
1.01 0.953138 0.906386 0.801217 0.608071 0.377573 0.200432 0.0978705 0.0459025 0.0211418 0.00965576 0.00439357 0.00199567 0.000905801 0.000410977 0.000186439 8.45712e-05 3.83615e-05
1.015 0.953671 0.90761 0.803707 0.611757 0.38097 0.202586 0.0990064 0.0464533 0.0213993 0.00977413 0.00444759 0.00202024 0.00091696 0.000416042 0.000188737 8.56135e-05 3.88343e-05
1.02 0.954196 0.908817 0.806173 0.615434 0.384383 0.204761 0.100155 0.0470105 0.0216598 0.00989394 0.00450227 0.00204512 0.000928256 0.000421169 0.000191063 8.66687e-05 3.93129e-05
1.025 0.954712 0.910008 0.808614 0.6191 0.387812 0.206954 0.101315 0.0475743 0.0219235 0.0100152 0.00455763 0.00207029 0.000939692 0.000426358 0.000193417 8.77369e-05 3.97975e-05
1.03 0.955221 0.911181 0.81103 0.622757 0.391257 0.209168 0.102488 0.0481446 0.0221903 0.010138 0.00461366 0.00209578 0.000951268 0.000431612 0.000195801 8.88182e-05 4.0288e-05
1.035 0.955721 0.912338 0.813421 0.626402 0.394718 0.211401 0.103674 0.0487215 0.0224604 0.0102622 0.00467037 0.00212158 0.000962986 0.000436931 0.000198214 8.99129e-05 4.07845e-05
1.04 0.956213 0.913478 0.815787 0.630036 0.398193 0.213653 0.104872 0.0493051 0.0227337 0.010388 0.00472779 0.0021477 0.000974849 0.000442315 0.000200657 9.1021e-05 4.12872e-05
1.045 0.956698 0.914603 0.818129 0.633658 0.401683 0.215925 0.106084 0.0498955 0.0230103 0.0105152 0.0047859 0.00217414 0.000986858 0.000447765 0.00020313 9.21429e-05 4.17961e-05
1.05 0.957175 0.915711 0.820446 0.637267 0.405188 0.218217 0.107308 0.0504928 0.0232901 0.0106441 0.00484473 0.00220091 0.000999015 0.000453283 0.000205633 9.32785e-05 4.23112e-05
1.055 0.957644 0.916803 0.822738 0.640864 0.408707 0.220529 0.108545 0.051097 0.0235734 0.0107745 0.00490428 0.002228 0.00101132 0.000458868 0.000208168 9.44282e-05 4.28327e-05
1.06 0.958106 0.91788 0.825006 0.644448 0.41224 0.222861 0.109796 0.0517082 0.02386 0.0109065 0.00496456 0.00225543 0.00102378 0.000464523 0.000210733 9.5592e-05 4.33606e-05
1.065 0.95856 0.918941 0.827249 0.648019 0.415786 0.225213 0.111059 0.0523265 0.0241501 0.0110401 0.00502558 0.00228319 0.00103639 0.000470247 0.00021333 9.67701e-05 4.38951e-05
1.07 0.959007 0.919987 0.829467 0.651575 0.419346 0.227585 0.112336 0.052952 0.0244437 0.0111753 0.00508735 0.0023113 0.00104916 0.000476041 0.000215959 9.79628e-05 4.44361e-05
1.075 0.959447 0.921018 0.831662 0.655117 0.422919 0.229977 0.113627 0.0535847 0.0247408 0.0113122 0.00514987 0.00233975 0.00106208 0.000481907 0.000218621 9.91702e-05 4.49838e-05
1.08 0.95988 0.922034 0.833831 0.658644 0.426505 0.232389 0.114932 0.0542247 0.0250414 0.0114507 0.00521316 0.00236855 0.00107516 0.000487845 0.000221315 0.000100392 4.55382e-05
1.085 0.960306 0.923036 0.835977 0.662156 0.430103 0.234822 0.11625 0.0548721 0.0253456 0.011591 0.00527723 0.00239771 0.00108841 0.000493857 0.000224042 0.00010163 4.60995e-05
1.09 0.960725 0.924022 0.838098 0.665653 0.433713 0.237274 0.117582 0.055527 0.0256535 0.0117329 0.00534208 0.00242722 0.00110181 0.000499942 0.000226804 0.000102882 4.66677e-05
1.095 0.961138 0.924995 0.840195 0.669133 0.437334 0.239747 0.118928 0.0561894 0.025965 0.0118766 0.00540772 0.0024571 0.00111539 0.000506102 0.000229599 0.00010415 4.72428e-05
1.1 0.961544 0.925953 0.842268 0.672597 0.440967 0.242241 0.120288 0.0568595 0.0262803 0.012022 0.00547417 0.00248734 0.00112912 0.000512339 0.000232428 0.000105434 4.78251e-05
1.105 0.961943 0.926897 0.844318 0.676044 0.444611 0.244754 0.121662 0.0575372 0.0265994 0.0121692 0.00554143 0.00251795 0.00114303 0.000518652 0.000235293 0.000106733 4.84146e-05
1.11 0.962336 0.927827 0.846343 0.679475 0.448266 0.247289 0.123051 0.0582228 0.0269222 0.0123181 0.00560952 0.00254895 0.00115711 0.000525042 0.000238192 0.000108049 4.90113e-05
1.115 0.962722 0.928743 0.848345 0.682888 0.45193 0.249843 0.124454 0.0589162 0.0272489 0.0124689 0.00567844 0.00258032 0.00117136 0.000531512 0.000241128 0.000109381 4.96154e-05
1.12 0.963102 0.929646 0.850323 0.686283 0.455605 0.252418 0.125872 0.0596176 0.0275795 0.0126215 0.0057482 0.00261208 0.00118579 0.000538061 0.000244099 0.000110729 5.02269e-05
1.125 0.963476 0.930536 0.852278 0.68966 0.459289 0.255014 0.127304 0.0603271 0.0279141 0.012776 0.00581882 0.00264423 0.0012004 0.000544691 0.000247108 0.000112093 5.08459e-05
1.13 0.963844 0.931412 0.854209 0.693018 0.462982 0.25763 0.128751 0.0610446 0.0282526 0.0129323 0.0058903 0.00267677 0.00121518 0.000551403 0.000250153 0.000113475 5.14726e-05
1.135 0.964206 0.932276 0.856117 0.696358 0.466684 0.260266 0.130214 0.0617704 0.0285952 0.0130906 0.00596266 0.00270971 0.00123015 0.000558197 0.000253236 0.000114873 5.2107e-05
1.14 0.964562 0.933126 0.858003 0.699678 0.470394 0.262923 0.131691 0.0625045 0.0289419 0.0132507 0.00603591 0.00274306 0.0012453 0.000565075 0.000256356 0.000116289 5.27492e-05
1.145 0.964913 0.933964 0.859865 0.702979 0.474112 0.265601 0.133183 0.063247 0.0292927 0.0134128 0.00611005 0.00277682 0.00126064 0.000572038 0.000259516 0.000117722 5.33994e-05
1.15 0.965257 0.93479 0.861704 0.70626 0.477838 0.268299 0.134691 0.0639979 0.0296476 0.0135769 0.00618509 0.00281099 0.00127617 0.000579086 0.000262714 0.000119173 5.40575e-05
1.155 0.965596 0.935603 0.863521 0.709521 0.48157 0.271018 0.136214 0.0647574 0.0300068 0.013743 0.00626106 0.00284559 0.00129189 0.000586221 0.000265951 0.000120642 5.47238e-05
1.16 0.96593 0.936403 0.865315 0.712762 0.485309 0.273757 0.137752 0.0655255 0.0303703 0.0139111 0.00633796 0.0028806 0.0013078 0.000593444 0.000269229 0.000122129 5.53983e-05
1.165 0.966258 0.937192 0.867087 0.715982 0.489054 0.276516 0.139306 0.0663024 0.0307381 0.0140812 0.00641579 0.00291605 0.0013239 0.000600757 0.000272547 0.000123634 5.60811e-05
1.17 0.966581 0.937969 0.868837 0.719182 0.492805 0.279296 0.140876 0.0670881 0.0311103 0.0142534 0.00649458 0.00295194 0.00134021 0.000608159 0.000275906 0.000125158 5.67723e-05
1.175 0.966898 0.938734 0.870564 0.72236 0.496561 0.282097 0.142462 0.0678828 0.0314869 0.0144277 0.00657434 0.00298826 0.00135672 0.000615652 0.000279306 0.0001267 5.7472e-05
1.18 0.96721 0.939488 0.87227 0.725517 0.500323 0.284918 0.144064 0.0686864 0.0318679 0.0146041 0.00665507 0.00302503 0.00137342 0.000623238 0.000282748 0.000128262 5.81803e-05
1.185 0.967517 0.94023 0.873954 0.728652 0.504088 0.287759 0.145682 0.0694991 0.0322535 0.0147826 0.00673678 0.00306225 0.00139034 0.000630917 0.000286232 0.000129843 5.88974e-05
1.19 0.96782 0.940961 0.875617 0.731765 0.507858 0.290621 0.147316 0.070321 0.0326437 0.0149633 0.0068195 0.00309993 0.00140746 0.000638691 0.00028976 0.000131443 5.96233e-05
1.195 0.968117 0.94168 0.877258 0.734856 0.511631 0.293503 0.148966 0.0711523 0.0330385 0.0151462 0.00690323 0.00313808 0.0014248 0.00064656 0.00029333 0.000133063 6.03582e-05
1.2 0.968409 0.942389 0.878878 0.737925 0.515407 0.296405 0.150633 0.0719928 0.0334379 0.0153313 0.00698798 0.00317669 0.00144234 0.000654526 0.000296945 0.000134703 6.11021e-05
1.205 0.968697 0.943087 0.880477 0.740971 0.519185 0.299327 0.152317 0.0728429 0.0338421 0.0155186 0.00707377 0.00321577 0.00146011 0.000662591 0.000300605 0.000136363 6.18552e-05
1.21 0.968979 0.943775 0.882055 0.743994 0.522966 0.302269 0.154017 0.0737025 0.0342511 0.0157082 0.0071606 0.00325534 0.00147809 0.000670755 0.000304309 0.000138044 6.26176e-05
1.215 0.969258 0.944451 0.883612 0.746995 0.526749 0.305232 0.155734 0.0745718 0.034665 0.0159001 0.0072485 0.00329539 0.00149629 0.000679019 0.000308059 0.000139745 6.33893e-05
1.22 0.969531 0.945118 0.885149 0.749972 0.530532 0.308214 0.157467 0.0754509 0.0350837 0.0160943 0.00733748 0.00333593 0.00151472 0.000687385 0.000311855 0.000141467 6.41706e-05
1.225 0.9698 0.945774 0.886666 0.752926 0.534317 0.311216 0.159218 0.0763398 0.0355074 0.0162909 0.00742754 0.00337697 0.00153337 0.000695854 0.000315699 0.000143211 6.49615e-05
1.23 0.970065 0.94642 0.888162 0.755856 0.538102 0.314238 0.160986 0.0772386 0.0359361 0.0164899 0.0075187 0.00341852 0.00155225 0.000704428 0.000319589 0.000144976 6.57622e-05
1.235 0.970325 0.947056 0.889639 0.758763 0.541886 0.31728 0.162771 0.0781475 0.0363698 0.0166912 0.00761097 0.00346057 0.00157137 0.000713107 0.000323527 0.000146763 6.65727e-05
1.24 0.970581 0.947683 0.891095 0.761646 0.54567 0.320341 0.164574 0.0790666 0.0368087 0.016895 0.00770438 0.00350315 0.00159072 0.000721893 0.000327514 0.000148571 6.73932e-05
1.245 0.970833 0.948299 0.892532 0.764505 0.549452 0.323422 0.166394 0.0799959 0.0372528 0.0171013 0.00779892 0.00354624 0.00161031 0.000730787 0.00033155 0.000150403 6.82238e-05
1.25 0.971081 0.948906 0.89395 0.76734 0.553233 0.326522 0.168232 0.0809356 0.0377021 0.01731 0.00789462 0.00358986 0.00163014 0.000739791 0.000335636 0.000152256 6.90647e-05
1.255 0.971324 0.949504 0.895349 0.770151 0.557012 0.329642 0.170087 0.0818857 0.0381567 0.0175213 0.00799149 0.00363402 0.00165021 0.000748905 0.000339772 0.000154133 6.99159e-05
1.26 0.971564 0.950092 0.896728 0.772938 0.560788 0.33278 0.17196 0.0828464 0.0386166 0.0177351 0.00808955 0.00367872 0.00167053 0.000758132 0.000343959 0.000156032 7.07776e-05
1.265 0.971799 0.950671 0.898089 0.7757 0.564561 0.335938 0.173851 0.0838177 0.039082 0.0179516 0.0081888 0.00372397 0.0016911 0.000767472 0.000348198 0.000157955 7.16499e-05
1.27 0.972031 0.951242 0.899431 0.778438 0.56833 0.339114 0.17576 0.0847998 0.0395528 0.0181706 0.00828926 0.00376978 0.00171193 0.000776928 0.000352489 0.000159902 7.2533e-05
1.275 0.972259 0.951803 0.900754 0.781151 0.572096 0.342309 0.177687 0.0857927 0.0400292 0.0183922 0.00839095 0.00381614 0.00173301 0.0007865 0.000356832 0.000161873 7.3427e-05
1.28 0.972483 0.952356 0.902059 0.78384 0.575857 0.345522 0.179632 0.0867966 0.0405112 0.0186166 0.00849388 0.00386308 0.00175435 0.00079619 0.00036123 0.000163868 7.4332e-05
1.285 0.972703 0.952899 0.903346 0.786504 0.579612 0.348754 0.181596 0.0878116 0.0409989 0.0188436 0.00859807 0.00391059 0.00177595 0.000805999 0.000365681 0.000165887 7.52481e-05
1.29 0.97292 0.953435 0.904615 0.789143 0.583362 0.352004 0.183578 0.0888377 0.0414923 0.0190734 0.00870353 0.00395868 0.00179782 0.000815929 0.000370187 0.000167932 7.61755e-05
1.295 0.973133 0.953962 0.905867 0.791757 0.587107 0.355272 0.185578 0.0898751 0.0419915 0.019306 0.00881028 0.00400737 0.00181995 0.000825981 0.000374749 0.000170001 7.71144e-05
1.3 0.973343 0.95448 0.907101 0.794346 0.590844 0.358558 0.187598 0.0909239 0.0424965 0.0195413 0.00891833 0.00405665 0.00184236 0.000836157 0.000379367 0.000172096 7.80648e-05
1.305 0.973549 0.954991 0.908317 0.79691 0.594575 0.361862 0.189636 0.0919842 0.0430074 0.0197795 0.00902769 0.00410654 0.00186505 0.000846458 0.000384042 0.000174217 7.9027e-05
1.31 0.973752 0.955493 0.909517 0.79945 0.598298 0.365183 0.191692 0.0930561 0.0435244 0.0200206 0.0091384 0.00415704 0.00188801 0.000856886 0.000388774 0.000176365 8.0001e-05
1.315 0.973951 0.955988 0.9107 0.801964 0.602014 0.368521 0.193768 0.0941397 0.0440474 0.0202646 0.00925045 0.00420816 0.00191125 0.000867443 0.000393565 0.000178538 8.0987e-05
1.32 0.974147 0.956475 0.911865 0.804454 0.605721 0.371876 0.195863 0.0952351 0.0445765 0.0205115 0.00936387 0.0042599 0.00193479 0.000878129 0.000398415 0.000180738 8.19852e-05
1.325 0.97434 0.956954 0.913015 0.806918 0.609419 0.375248 0.197976 0.0963424 0.0451118 0.0207613 0.00947868 0.00431228 0.00195861 0.000888947 0.000403325 0.000182966 8.29956e-05
1.33 0.974529 0.957425 0.914147 0.809358 0.613108 0.378637 0.200109 0.0974618 0.0456533 0.0210142 0.00959488 0.0043653 0.00198272 0.000899898 0.000408295 0.000185221 8.40185e-05
1.335 0.974716 0.957889 0.915264 0.811773 0.616787 0.382042 0.202261 0.0985933 0.0462012 0.0212701 0.0097125 0.00441898 0.00200713 0.000910984 0.000413326 0.000187504 8.50541e-05
1.34 0.974899 0.958346 0.916365 0.814162 0.620456 0.385463 0.204433 0.099737 0.0467555 0.0215291 0.00983156 0.00447331 0.00203184 0.000922207 0.000418419 0.000189814 8.61023e-05
1.345 0.975079 0.958795 0.917449 0.816527 0.624114 0.3889 0.206624 0.100893 0.0473162 0.0217913 0.00995207 0.0045283 0.00205686 0.000933568 0.000423575 0.000192154 8.71635e-05
1.35 0.975257 0.959237 0.918519 0.818867 0.627761 0.392352 0.208834 0.102062 0.0478835 0.0220565 0.010074 0.00458398 0.00208218 0.000945068 0.000428795 0.000194522 8.82378e-05
1.355 0.975431 0.959672 0.919572 0.821182 0.631396 0.39582 0.211064 0.103243 0.0484574 0.022325 0.0101975 0.00464033 0.00210782 0.000956711 0.000434079 0.000196919 8.93253e-05
1.36 0.975603 0.960101 0.920611 0.823472 0.635019 0.399303 0.213314 0.104437 0.0490379 0.0225966 0.0103225 0.00469737 0.00213376 0.000968496 0.000439427 0.000199346 9.04263e-05
1.365 0.975771 0.960522 0.921634 0.825737 0.63863 0.402801 0.215583 0.105643 0.0496253 0.0228716 0.010449 0.00475512 0.00216003 0.000980427 0.000444842 0.000201803 9.15408e-05
1.37 0.975937 0.960937 0.922643 0.827978 0.642228 0.406313 0.217873 0.106863 0.0502194 0.0231498 0.010577 0.00481357 0.00218662 0.000992505 0.000450324 0.00020429 9.2669e-05
1.375 0.9761 0.961345 0.923637 0.830194 0.645813 0.409839 0.220182 0.108095 0.0508204 0.0234314 0.0107066 0.00487274 0.00221354 0.00100473 0.000455873 0.000206807 9.38111e-05
1.38 0.97626 0.961746 0.924616 0.832385 0.649384 0.413379 0.222511 0.109341 0.0514284 0.0237163 0.0108378 0.00493263 0.00224079 0.00101711 0.00046149 0.000209356 9.49674e-05
1.385 0.976418 0.962141 0.925581 0.834552 0.65294 0.416933 0.22486 0.1106 0.0520435 0.0240047 0.0109705 0.00499326 0.00226838 0.00102964 0.000467177 0.000211936 9.61378e-05
1.39 0.976573 0.96253 0.926531 0.836695 0.656483 0.4205 0.227229 0.111873 0.0526657 0.0242965 0.0111049 0.00505463 0.0022963 0.00104232 0.000472934 0.000214548 9.73227e-05
1.395 0.976726 0.962912 0.927468 0.838813 0.66001 0.42408 0.229618 0.113159 0.0532951 0.0245918 0.0112409 0.00511675 0.00232457 0.00105516 0.000478761 0.000217192 9.85222e-05
1.4 0.976876 0.963288 0.928391 0.840907 0.663521 0.427673 0.232028 0.114458 0.0539317 0.0248906 0.0113786 0.00517964 0.00235318 0.00106816 0.000484661 0.000219869 9.97365e-05
1.405 0.977023 0.963659 0.9293 0.842977 0.667017 0.431278 0.234458 0.115771 0.0545757 0.0251931 0.011518 0.00524329 0.00238215 0.00108131 0.000490633 0.000222579 0.000100966
1.41 0.977168 0.964023 0.930196 0.845023 0.670497 0.434895 0.236908 0.117098 0.0552272 0.0254991 0.011659 0.00530773 0.00241147 0.00109463 0.000496678 0.000225322 0.00010221
1.415 0.977311 0.964381 0.931078 0.847044 0.67396 0.438523 0.239378 0.118439 0.0558862 0.0258088 0.0118018 0.00537295 0.00244115 0.00110812 0.000502799 0.000228098 0.00010347
1.42 0.977451 0.964734 0.931947 0.849043 0.677407 0.442163 0.241868 0.119794 0.0565527 0.0261222 0.0119463 0.00543897 0.0024712 0.00112177 0.000508994 0.00023091 0.000104745
1.425 0.977589 0.965081 0.932804 0.851017 0.680836 0.445814 0.244379 0.121163 0.057227 0.0264394 0.0120925 0.0055058 0.00250162 0.00113558 0.000515266 0.000233755 0.000106036
1.43 0.977724 0.965422 0.933647 0.852968 0.684247 0.449475 0.246911 0.122547 0.057909 0.0267603 0.0122406 0.00557345 0.00253241 0.00114957 0.000521615 0.000236636 0.000107343
1.435 0.977858 0.965757 0.934478 0.854895 0.68764 0.453146 0.249463 0.123945 0.0585988 0.0270851 0.0123904 0.00564193 0.00256358 0.00116373 0.000528042 0.000239552 0.000108666
1.44 0.977989 0.966088 0.935296 0.856799 0.691015 0.456827 0.252035 0.125357 0.0592966 0.0274138 0.0125421 0.00571125 0.00259513 0.00117807 0.000534549 0.000242504 0.000110005
1.445 0.978118 0.966413 0.936103 0.85868 0.694372 0.460517 0.254628 0.126784 0.0600023 0.0277463 0.0126956 0.00578142 0.00262707 0.00119258 0.000541136 0.000245493 0.000111361
1.45 0.978244 0.966732 0.936897 0.860538 0.697709 0.464217 0.257242 0.128226 0.0607162 0.0280829 0.0128509 0.00585244 0.0026594 0.00120727 0.000547803 0.000248518 0.000112733
1.455 0.978369 0.967047 0.937678 0.862373 0.701027 0.467924 0.259875 0.129683 0.0614382 0.0284234 0.0130082 0.00592433 0.00269213 0.00122214 0.000554553 0.000251581 0.000114123
1.46 0.978491 0.967356 0.938449 0.864186 0.704325 0.47164 0.26253 0.131155 0.0621685 0.0287681 0.0131673 0.00599711 0.00272527 0.00123719 0.000561386 0.000254681 0.000115529
1.465 0.978612 0.96766 0.939207 0.865976 0.707604 0.475364 0.265205 0.132642 0.0629072 0.0291168 0.0133284 0.00607077 0.00275881 0.00125243 0.000568304 0.00025782 0.000116953
1.47 0.978731 0.96796 0.939954 0.867743 0.710862 0.479095 0.267901 0.134144 0.0636542 0.0294697 0.0134915 0.00614534 0.00279276 0.00126785 0.000575306 0.000260997 0.000118395
1.475 0.978847 0.968254 0.94069 0.869488 0.714099 0.482833 0.270617 0.135661 0.0644098 0.0298267 0.0136565 0.00622082 0.00282713 0.00128347 0.000582395 0.000264214 0.000119854
1.48 0.978962 0.968544 0.941414 0.871211 0.717316 0.486578 0.273353 0.137194 0.065174 0.0301881 0.0138236 0.00629722 0.00286192 0.00129928 0.000589571 0.00026747 0.000121331
1.485 0.979074 0.968829 0.942127 0.872912 0.720512 0.490328 0.27611 0.138743 0.0659469 0.0305537 0.0139926 0.00637456 0.00289714 0.00131528 0.000596835 0.000270766 0.000122826
1.49 0.979185 0.969109 0.94283 0.874591 0.723686 0.494084 0.278888 0.140307 0.0667286 0.0309237 0.0141637 0.00645285 0.00293279 0.00133148 0.000604189 0.000274103 0.00012434
1.495 0.979294 0.969384 0.943522 0.876249 0.726839 0.497846 0.281686 0.141887 0.0675191 0.031298 0.0143369 0.00653209 0.00296888 0.00134788 0.000611634 0.000277481 0.000125873
1.5 0.979401 0.969656 0.944203 0.877885 0.72997 0.501612 0.284505 0.143483 0.0683187 0.0316769 0.0145122 0.0066123 0.00300541 0.00136448 0.00061917 0.0002809 0.000127424
1.505 0.979507 0.969922 0.944873 0.8795 0.733079 0.505382 0.287344 0.145095 0.0691272 0.0320602 0.0146896 0.0066935 0.00304239 0.00138128 0.000626799 0.000284362 0.000128995
1.51 0.97961 0.970185 0.945534 0.881094 0.736166 0.509156 0.290203 0.146724 0.069945 0.032448 0.0148692 0.00677568 0.00307983 0.00139829 0.000634522 0.000287866 0.000130584
1.515 0.979712 0.970443 0.946184 0.882667 0.73923 0.512934 0.293083 0.148368 0.0707719 0.0328405 0.0150509 0.00685887 0.00311772 0.00141551 0.00064234 0.000291414 0.000132194
1.52 0.979812 0.970696 0.946824 0.884219 0.742271 0.516714 0.295982 0.150029 0.0716083 0.0332376 0.0152349 0.00694308 0.00315608 0.00143295 0.000650254 0.000295005 0.000133823
1.525 0.979911 0.970946 0.947454 0.88575 0.745289 0.520497 0.298903 0.151706 0.072454 0.0336395 0.0154211 0.00702832 0.00319492 0.00145059 0.000658266 0.00029864 0.000135472
1.53 0.980007 0.971191 0.948075 0.887262 0.748285 0.524282 0.301843 0.153401 0.0733093 0.034046 0.0156095 0.0071146 0.00323423 0.00146846 0.000666377 0.000302321 0.000137142
1.535 0.980103 0.971433 0.948686 0.888753 0.751257 0.528068 0.304803 0.155111 0.0741742 0.0344574 0.0158002 0.00720194 0.00327402 0.00148654 0.000674587 0.000306046 0.000138832
1.54 0.980196 0.97167 0.949287 0.890224 0.754205 0.531855 0.307783 0.156839 0.0750488 0.0348737 0.0159932 0.00729034 0.0033143 0.00150485 0.000682898 0.000309818 0.000140543
1.545 0.980288 0.971904 0.949879 0.891675 0.75713 0.535643 0.310783 0.158584 0.0759332 0.0352949 0.0161886 0.00737983 0.00335507 0.00152338 0.000691312 0.000313636 0.000142275
1.55 0.980379 0.972134 0.950462 0.893107 0.760031 0.539431 0.313803 0.160346 0.0768275 0.0357211 0.0163863 0.00747041 0.00339635 0.00154214 0.00069983 0.000317501 0.000144029
1.555 0.980468 0.97236 0.951036 0.894519 0.762909 0.543219 0.316843 0.162125 0.0777318 0.0361523 0.0165864 0.00756209 0.00343813 0.00156113 0.000708452 0.000321413 0.000145804
1.56 0.980555 0.972582 0.9516 0.895912 0.765762 0.547005 0.319903 0.163921 0.0786463 0.0365886 0.0167889 0.0076549 0.00348043 0.00158036 0.000717181 0.000325374 0.000147601
1.565 0.980641 0.9728 0.952156 0.897286 0.768591 0.550791 0.322981 0.165735 0.0795709 0.0370301 0.0169939 0.00774884 0.00352324 0.00159982 0.000726017 0.000329384 0.00014942
1.57 0.980726 0.973015 0.952704 0.898641 0.771395 0.554574 0.32608 0.167566 0.0805059 0.0374768 0.0172014 0.00784393 0.00356659 0.00161952 0.000734962 0.000333443 0.000151262
1.575 0.980809 0.973227 0.953242 0.899977 0.774175 0.558356 0.329197 0.169415 0.0814512 0.0379287 0.0174113 0.00794018 0.00361046 0.00163946 0.000744017 0.000337552 0.000153126
1.58 0.980891 0.973435 0.953772 0.901295 0.776931 0.562134 0.332334 0.171281 0.0824071 0.038386 0.0176238 0.0080376 0.00365487 0.00165965 0.000753184 0.000341712 0.000155013
1.585 0.980971 0.973639 0.954294 0.902594 0.779662 0.565909 0.33549 0.173166 0.0833736 0.0388486 0.0178389 0.00813622 0.00369983 0.00168009 0.000762463 0.000345923 0.000156924
1.59 0.98105 0.97384 0.954808 0.903876 0.782369 0.56968 0.338664 0.175068 0.0843508 0.0393167 0.0180566 0.00823604 0.00374533 0.00170078 0.000771857 0.000350186 0.000158858
1.595 0.981128 0.974038 0.955314 0.905139 0.78505 0.573447 0.341857 0.176989 0.0853388 0.0397903 0.0182769 0.00833708 0.0037914 0.00172172 0.000781367 0.000354501 0.000160815
1.6 0.981205 0.974232 0.955811 0.906385 0.787707 0.57721 0.345069 0.178928 0.0863377 0.0402695 0.0184998 0.00843935 0.00383803 0.00174292 0.000790993 0.000358869 0.000162797
1.605 0.98128 0.974424 0.956301 0.907613 0.790339 0.580967 0.3483 0.180885 0.0873476 0.0407543 0.0187254 0.00854287 0.00388524 0.00176438 0.000800738 0.000363292 0.000164804
1.61 0.981354 0.974612 0.956783 0.908824 0.792946 0.584718 0.351548 0.18286 0.0883687 0.0412448 0.0189538 0.00864766 0.00393302 0.0017861 0.000810603 0.000367769 0.000166835
1.615 0.981426 0.974797 0.957257 0.910018 0.795528 0.588463 0.354815 0.184854 0.0894009 0.0417411 0.0191849 0.00875373 0.00398139 0.0018081 0.00082059 0.000372301 0.000168891
1.62 0.981498 0.974979 0.957724 0.911195 0.798085 0.592202 0.358099 0.186867 0.0904446 0.0422432 0.0194188 0.00886109 0.00403036 0.00183036 0.0008307 0.000376888 0.000170973
1.625 0.981568 0.975158 0.958184 0.912355 0.800617 0.595933 0.361402 0.188898 0.0914996 0.0427512 0.0196555 0.00896976 0.00407992 0.0018529 0.000840934 0.000381533 0.00017308
1.63 0.981637 0.975334 0.958636 0.913499 0.803124 0.599657 0.364721 0.190948 0.0925662 0.0432651 0.0198951 0.00907975 0.00413009 0.00187571 0.000851294 0.000386234 0.000175213
1.635 0.981705 0.975507 0.959081 0.914626 0.805605 0.603373 0.368058 0.193017 0.0936445 0.0437851 0.0201376 0.00919109 0.00418088 0.00189881 0.000861781 0.000390994 0.000177372
1.64 0.981772 0.975677 0.959518 0.915737 0.808062 0.60708 0.371412 0.195105 0.0947345 0.0443111 0.0203829 0.00930379 0.00423229 0.00192218 0.000872398 0.000395812 0.000179558
1.645 0.981837 0.975844 0.959949 0.916832 0.810494 0.610778 0.374783 0.197211 0.0958364 0.0448433 0.0206313 0.00941786 0.00428433 0.00194585 0.000883146 0.000400689 0.000181771
1.65 0.981902 0.976009 0.960373 0.917911 0.8129 0.614466 0.378171 0.199337 0.0969503 0.0453817 0.0208826 0.00953332 0.00433701 0.00196981 0.000894025 0.000405627 0.000184011
1.655 0.981965 0.97617 0.960791 0.918975 0.815282 0.618145 0.381575 0.201483 0.0980763 0.0459264 0.0211369 0.00965019 0.00439034 0.00199406 0.000905039 0.000410625 0.000186279
1.66 0.982028 0.976329 0.961201 0.920023 0.817638 0.621813 0.384995 0.203647 0.0992144 0.0464775 0.0213943 0.00976849 0.00444432 0.00201861 0.000916189 0.000415685 0.000188575
1.665 0.982089 0.976486 0.961605 0.921056 0.81997 0.62547 0.388431 0.205831 0.100365 0.047035 0.0216548 0.00988823 0.00449896 0.00204346 0.000927475 0.000420808 0.000190899
1.67 0.982149 0.97664 0.962002 0.922074 0.822276 0.629116 0.391883 0.208035 0.101528 0.047599 0.0219184 0.0100094 0.00455427 0.00206862 0.000938901 0.000425993 0.000193252
1.675 0.982209 0.976791 0.962394 0.923077 0.824558 0.63275 0.39535 0.210258 0.102703 0.0481696 0.0221852 0.0101321 0.00461026 0.00209409 0.000950467 0.000431242 0.000195633
1.68 0.982267 0.97694 0.962778 0.924065 0.826815 0.636372 0.398832 0.212501 0.103891 0.0487468 0.0224552 0.0102563 0.00466694 0.00211987 0.000962176 0.000436556 0.000198044
1.685 0.982324 0.977086 0.963157 0.925039 0.829047 0.639981 0.402329 0.214763 0.105092 0.0493307 0.0227285 0.010382 0.00472431 0.00214597 0.000974029 0.000441936 0.000200485
1.69 0.982381 0.97723 0.963529 0.925998 0.831255 0.643577 0.40584 0.217045 0.106306 0.0499214 0.023005 0.0105092 0.00478238 0.00217238 0.000986028 0.000447382 0.000202956
1.695 0.982436 0.977372 0.963896 0.926944 0.833438 0.64716 0.409366 0.219347 0.107532 0.050519 0.0232848 0.0106379 0.00484117 0.00219913 0.000998174 0.000452894 0.000205457
1.7 0.982491 0.977511 0.964257 0.927875 0.835596 0.650729 0.412906 0.221669 0.108772 0.0511235 0.023568 0.0107683 0.00490068 0.0022262 0.00101047 0.000458475 0.000207989
1.705 0.982544 0.977648 0.964611 0.928792 0.83773 0.654283 0.416459 0.224011 0.110025 0.051735 0.0238546 0.0109002 0.00496091 0.0022536 0.00102292 0.000464125 0.000210552
1.71 0.982597 0.977782 0.96496 0.929696 0.839839 0.657822 0.420026 0.226373 0.111292 0.0523536 0.0241446 0.0110337 0.00502189 0.00228135 0.00103552 0.000469844 0.000213147
1.715 0.982649 0.977914 0.965304 0.930587 0.841924 0.661347 0.423606 0.228755 0.112571 0.0529794 0.0244381 0.0111689 0.00508361 0.00230943 0.00104827 0.000475633 0.000215774
1.72 0.982699 0.978044 0.965641 0.931464 0.843985 0.664856 0.427198 0.231158 0.113865 0.0536124 0.0247351 0.0113057 0.00514609 0.00233786 0.00106119 0.000481494 0.000218433
1.725 0.982749 0.978172 0.965974 0.932328 0.846022 0.668348 0.430803 0.23358 0.115171 0.0542528 0.0250357 0.0114441 0.00520933 0.00236664 0.00107426 0.000487427 0.000221125
1.73 0.982799 0.978298 0.966301 0.933179 0.848035 0.671825 0.43442 0.236023 0.116492 0.0549005 0.0253398 0.0115843 0.00527335 0.00239577 0.00108749 0.000493433 0.00022385
1.735 0.982847 0.978422 0.966622 0.934018 0.850025 0.675285 0.438048 0.238486 0.117827 0.0555557 0.0256476 0.0117261 0.00533815 0.00242526 0.00110089 0.000499514 0.000226609
1.74 0.982895 0.978543 0.966939 0.934843 0.85199 0.678727 0.441688 0.24097 0.119175 0.0562185 0.0259591 0.0118697 0.00540375 0.00245511 0.00111445 0.000505669 0.000229402
1.745 0.982941 0.978663 0.96725 0.935657 0.853932 0.682152 0.445339 0.243473 0.120538 0.0568888 0.0262743 0.012015 0.00547015 0.00248533 0.00112817 0.0005119 0.000232229
1.75 0.982987 0.978781 0.967556 0.936458 0.85585 0.68556 0.449 0.245998 0.121915 0.057567 0.0265933 0.0121621 0.00553736 0.00251592 0.00114207 0.000518207 0.000235091
1.755 0.983032 0.978896 0.967857 0.937247 0.857745 0.688949 0.452671 0.248543 0.123307 0.0582529 0.0269161 0.012311 0.00560539 0.00254689 0.00115614 0.000524592 0.000237988
1.76 0.983077 0.97901 0.968154 0.938024 0.859617 0.69232 0.456353 0.251108 0.124713 0.0589467 0.0272427 0.0124617 0.00567426 0.00257823 0.00117038 0.000531057 0.000240921
1.765 0.983121 0.979122 0.968445 0.938789 0.861466 0.695672 0.460043 0.253693 0.126133 0.0596484 0.0275732 0.0126142 0.00574398 0.00260997 0.0011848 0.0005376 0.00024389
1.77 0.983163 0.979232 0.968732 0.939543 0.863292 0.699004 0.463743 0.2563 0.127568 0.0603582 0.0279077 0.0127686 0.00581454 0.00264209 0.00119939 0.000544224 0.000246896
1.775 0.983206 0.97934 0.969014 0.940285 0.865096 0.702317 0.467451 0.258926 0.129018 0.0610762 0.0282462 0.0129249 0.00588597 0.00267461 0.00121416 0.00055093 0.000249938
1.78 0.983247 0.979446 0.969291 0.941016 0.866876 0.705611 0.471168 0.261574 0.130483 0.0618023 0.0285887 0.013083 0.00595828 0.00270752 0.00122912 0.000557719 0.000253019
1.785 0.983288 0.979551 0.969564 0.941735 0.868635 0.708884 0.474892 0.264242 0.131963 0.0625368 0.0289353 0.0132431 0.00603147 0.00274084 0.00124426 0.000564591 0.000256137
1.79 0.983328 0.979654 0.969832 0.942444 0.870371 0.712137 0.478624 0.26693 0.133458 0.0632796 0.029286 0.0134051 0.00610555 0.00277458 0.00125958 0.000571547 0.000259293
1.795 0.983367 0.979755 0.970096 0.943142 0.872084 0.715369 0.482362 0.269639 0.134969 0.0640309 0.0296409 0.0135691 0.00618055 0.00280872 0.00127509 0.00057859 0.000262489
1.8 0.983406 0.979854 0.970356 0.943829 0.873776 0.71858 0.486108 0.272369 0.136495 0.0647908 0.03 0.0137351 0.00625646 0.00284329 0.0012908 0.000585719 0.000265724
1.805 0.983444 0.979952 0.970611 0.944506 0.875447 0.72177 0.489859 0.275119 0.138036 0.0655594 0.0303634 0.0139031 0.0063333 0.00287828 0.0013067 0.000592936 0.000268998
1.81 0.983482 0.980048 0.970862 0.945172 0.877095 0.724939 0.493616 0.277889 0.139593 0.0663367 0.0307311 0.0140731 0.00641108 0.0029137 0.00132279 0.000600242 0.000272313
1.815 0.983519 0.980142 0.971109 0.945828 0.878722 0.728086 0.497378 0.28068 0.141166 0.0671228 0.0311032 0.0142452 0.00648981 0.00294955 0.00133908 0.000607638 0.000275669
1.82 0.983555 0.980235 0.971352 0.946474 0.880328 0.731211 0.501145 0.283492 0.142755 0.0679178 0.0314797 0.0144194 0.0065695 0.00298585 0.00135557 0.000615125 0.000279066
1.825 0.98359 0.980326 0.971591 0.94711 0.881913 0.734313 0.504917 0.286324 0.14436 0.0687219 0.0318606 0.0145957 0.00665017 0.00302259 0.00137227 0.000622704 0.000282505
1.83 0.983625 0.980416 0.971826 0.947736 0.883477 0.737394 0.508692 0.289176 0.14598 0.069535 0.0322461 0.0147741 0.00673183 0.00305978 0.00138917 0.000630376 0.000285987
1.835 0.98366 0.980505 0.972058 0.948352 0.88502 0.740451 0.512471 0.292049 0.147618 0.0703574 0.0326362 0.0149547 0.00681448 0.00309743 0.00140628 0.000638143 0.000289511
1.84 0.983693 0.980591 0.972285 0.948959 0.886543 0.743486 0.516252 0.294942 0.149271 0.071189 0.0330309 0.0151375 0.00689815 0.00313554 0.0014236 0.000646006 0.000293079
1.845 0.983727 0.980677 0.972508 0.949556 0.888045 0.746498 0.520036 0.297855 0.150941 0.07203 0.0334303 0.0153224 0.00698284 0.00317412 0.00144113 0.000653966 0.000296691
1.85 0.983759 0.980761 0.972728 0.950144 0.889527 0.749486 0.523823 0.300788 0.152627 0.0728805 0.0338344 0.0155097 0.00706857 0.00321318 0.00145888 0.000662023 0.000300347
1.855 0.983791 0.980843 0.972945 0.950723 0.89099 0.752451 0.52761 0.303742 0.154331 0.0737406 0.0342433 0.0156992 0.00715534 0.00325271 0.00147684 0.00067018 0.000304048
1.86 0.983823 0.980924 0.973157 0.951293 0.892432 0.755393 0.531399 0.306715 0.156051 0.0746104 0.034657 0.015891 0.00724317 0.00329273 0.00149503 0.000678437 0.000307795
1.865 0.983854 0.981004 0.973367 0.951854 0.893855 0.75831 0.535189 0.309709 0.157788 0.0754899 0.0350757 0.0160851 0.00733208 0.00333324 0.00151344 0.000686796 0.000311588
1.87 0.983885 0.981083 0.973572 0.952406 0.895258 0.761204 0.538978 0.312722 0.159542 0.0763792 0.0354993 0.0162816 0.00742208 0.00337425 0.00153208 0.000695258 0.000315428
1.875 0.983915 0.98116 0.973775 0.952949 0.896643 0.764074 0.542768 0.315755 0.161313 0.0772786 0.0359279 0.0164804 0.00751317 0.00341576 0.00155095 0.000703824 0.000319315
1.88 0.983944 0.981236 0.973973 0.953484 0.898008 0.76692 0.546556 0.318808 0.163101 0.078188 0.0363615 0.0166817 0.00760538 0.00345778 0.00157005 0.000712496 0.00032325
1.885 0.983973 0.98131 0.974169 0.954011 0.899354 0.769741 0.550343 0.32188 0.164907 0.0791075 0.0368003 0.0168853 0.00769871 0.00350032 0.00158938 0.000721274 0.000327234
1.89 0.984002 0.981384 0.974362 0.954529 0.900682 0.772538 0.554129 0.324972 0.16673 0.0800373 0.0372442 0.0170915 0.00779319 0.00354338 0.00160895 0.000730161 0.000331266
1.895 0.98403 0.981456 0.974551 0.955039 0.901991 0.77531 0.557912 0.328083 0.168571 0.0809775 0.0376934 0.0173001 0.00788882 0.00358696 0.00162877 0.000739157 0.000335348
1.9 0.984057 0.981527 0.974737 0.955541 0.903282 0.778058 0.561692 0.331213 0.17043 0.0819281 0.0381479 0.0175113 0.00798562 0.00363109 0.00164882 0.000748264 0.000339481
1.905 0.984084 0.981596 0.97492 0.956035 0.904555 0.780781 0.565469 0.334363 0.172306 0.0828893 0.0386078 0.017725 0.0080836 0.00367575 0.00166913 0.000757482 0.000343664
1.91 0.984111 0.981665 0.9751 0.956521 0.90581 0.78348 0.569242 0.337531 0.1742 0.0838611 0.039073 0.0179413 0.00818277 0.00372096 0.00168968 0.000766815 0.000347899
1.915 0.984137 0.981732 0.975277 0.957 0.907048 0.786153 0.573012 0.340718 0.176113 0.0848437 0.0395438 0.0181602 0.00828316 0.00376673 0.00171049 0.000776262 0.000352187
1.92 0.984163 0.981799 0.975451 0.957471 0.908268 0.788802 0.576776 0.343924 0.178043 0.0858371 0.0400201 0.0183817 0.00838478 0.00381306 0.00173155 0.000785826 0.000356527
1.925 0.984188 0.981864 0.975622 0.957935 0.909471 0.791426 0.580535 0.347148 0.179992 0.0868416 0.0405019 0.0186059 0.00848763 0.00385996 0.00175287 0.000795507 0.00036092
1.93 0.984213 0.981928 0.97579 0.958391 0.910656 0.794024 0.584289 0.350391 0.181959 0.0878571 0.0409895 0.0188329 0.00859175 0.00390743 0.00177445 0.000805308 0.000365368
1.935 0.984237 0.981991 0.975956 0.95884 0.911825 0.796598 0.588037 0.353652 0.183944 0.0888837 0.0414828 0.0190625 0.00869713 0.00395549 0.0017963 0.00081523 0.00036987
1.94 0.984261 0.982053 0.976119 0.959282 0.912977 0.799147 0.591777 0.35693 0.185948 0.0899217 0.0419818 0.0192949 0.0088038 0.00400414 0.00181842 0.000825273 0.000374428
1.945 0.984285 0.982114 0.976279 0.959716 0.914113 0.80167 0.595511 0.360227 0.187971 0.090971 0.0424867 0.0195302 0.00891177 0.00405338 0.00184081 0.00083544 0.000379042
1.95 0.984308 0.982173 0.976436 0.960144 0.915232 0.804168 0.599237 0.363541 0.190013 0.0920319 0.0429976 0.0197682 0.00902106 0.00410322 0.00186348 0.000845733 0.000383713
1.955 0.984331 0.982232 0.976591 0.960565 0.916335 0.806642 0.602955 0.366872 0.192073 0.0931043 0.0435144 0.0200092 0.00913168 0.00415368 0.00188642 0.000856152 0.000388442
1.96 0.984353 0.98229 0.976743 0.960979 0.917422 0.80909 0.606665 0.370221 0.194152 0.0941885 0.0440373 0.020253 0.00924365 0.00420476 0.00190965 0.000866699 0.000393228
1.965 0.984375 0.982347 0.976893 0.961387 0.918493 0.811513 0.610366 0.373586 0.19625 0.0952844 0.0445663 0.0204997 0.00935699 0.00425646 0.00193316 0.000877377 0.000398074
1.97 0.984397 0.982403 0.97704 0.961788 0.919549 0.813911 0.614057 0.376969 0.198368 0.0963923 0.0451014 0.0207495 0.00947171 0.0043088 0.00195696 0.000888186 0.000402979
1.975 0.984418 0.982458 0.977184 0.962183 0.92059 0.816283 0.617738 0.380367 0.200504 0.0975122 0.0456429 0.0210022 0.00958783 0.00436178 0.00198105 0.000899127 0.000407945
1.98 0.984439 0.982512 0.977327 0.962571 0.921615 0.818631 0.621409 0.383783 0.20266 0.0986443 0.0461906 0.021258 0.00970536 0.00441541 0.00200544 0.000910204 0.000412972
1.985 0.98446 0.982565 0.977467 0.962953 0.922625 0.820954 0.625069 0.387214 0.204835 0.0997886 0.0467448 0.0215169 0.00982433 0.0044697 0.00203013 0.000921417 0.000418061
1.99 0.98448 0.982617 0.977604 0.963329 0.923621 0.823252 0.628718 0.39066 0.20703 0.100945 0.0473054 0.0217788 0.00994475 0.00452465 0.00205513 0.000932768 0.000423213
1.995 0.9845 0.982669 0.97774 0.963699 0.924602 0.825525 0.632354 0.394123 0.209244 0.102114 0.0478725 0.0220439 0.0100666 0.00458028 0.00208043 0.000944259 0.000428428
2 0.98452 0.982719 0.977873 0.964063 0.925568 0.827773 0.635979 0.3976 0.211478 0.103296 0.0484463 0.0223122 0.01019 0.00463659 0.00210604 0.000955891 0.000433707
2.005 0.984539 0.982769 0.978003 0.964421 0.92652 0.829996 0.639591 0.401092 0.213731 0.104491 0.0490267 0.0225838 0.0103149 0.00469359 0.00213197 0.000967667 0.000439052
2.01 0.984558 0.982818 0.978132 0.964773 0.927458 0.832195 0.64319 0.4046 0.216004 0.105698 0.0496139 0.0228585 0.0104413 0.00475128 0.00215822 0.000979587 0.000444462
2.015 0.984576 0.982866 0.978259 0.965119 0.928383 0.834369 0.646776 0.408121 0.218297 0.106918 0.0502079 0.0231366 0.0105692 0.00480969 0.00218478 0.000991654 0.000449939
2.02 0.984595 0.982913 0.978383 0.96546 0.929293 0.836518 0.650348 0.411657 0.22061 0.108151 0.0508088 0.023418 0.0106987 0.00486881 0.00221168 0.00100387 0.000455483
2.025 0.984613 0.982959 0.978505 0.965796 0.93019 0.838643 0.653905 0.415206 0.222943 0.109398 0.0514167 0.0237028 0.0108298 0.00492866 0.00223891 0.00101624 0.000461096
2.03 0.98463 0.983005 0.978625 0.966125 0.931073 0.840743 0.657448 0.418769 0.225296 0.110657 0.0520316 0.023991 0.0109625 0.00498924 0.00226647 0.00102875 0.000466778
2.035 0.984648 0.98305 0.978744 0.96645 0.931944 0.84282 0.660975 0.422345 0.227669 0.11193 0.0526536 0.0242827 0.0110968 0.00505056 0.00229437 0.00104143 0.00047253
2.04 0.984665 0.983094 0.97886 0.966769 0.932801 0.844872 0.664487 0.425933 0.230062 0.113217 0.0532829 0.0245778 0.0112327 0.00511263 0.00232261 0.00105426 0.000478353
2.045 0.984681 0.983137 0.978974 0.967083 0.933645 0.8469 0.667983 0.429534 0.232476 0.114517 0.0539194 0.0248765 0.0113702 0.00517546 0.0023512 0.00106724 0.000484247
2.05 0.984698 0.98318 0.979087 0.967392 0.934477 0.848904 0.671463 0.433148 0.234909 0.115831 0.0545633 0.0251787 0.0115095 0.00523907 0.00238014 0.00108039 0.000490214
2.055 0.984714 0.983222 0.979197 0.967696 0.935296 0.850884 0.674926 0.436773 0.237363 0.117159 0.0552146 0.0254846 0.0116504 0.00530345 0.00240944 0.0010937 0.000496255
2.06 0.98473 0.983263 0.979306 0.967995 0.936103 0.852841 0.678371 0.440409 0.239838 0.1185 0.0558734 0.0257941 0.0117931 0.00536862 0.0024391 0.00110717 0.00050237
2.065 0.984746 0.983303 0.979413 0.968289 0.936898 0.854774 0.6818 0.444057 0.242332 0.119856 0.0565398 0.0261074 0.0119375 0.00543459 0.00246912 0.00112081 0.00050856
2.07 0.984761 0.983343 0.979518 0.968579 0.93768 0.856683 0.68521 0.447715 0.244847 0.121226 0.0572139 0.0264244 0.0120836 0.00550137 0.00249951 0.00113461 0.000514827
2.075 0.984776 0.983382 0.979621 0.968863 0.938451 0.85857 0.688603 0.451384 0.247383 0.12261 0.0578958 0.0267451 0.0122316 0.00556896 0.00253028 0.00114859 0.00052117
2.08 0.984791 0.983421 0.979723 0.969143 0.93921 0.860433 0.691977 0.455062 0.249939 0.124009 0.0585855 0.0270697 0.0123813 0.00563739 0.00256142 0.00116274 0.000527592
2.085 0.984806 0.983459 0.979823 0.969419 0.939958 0.862273 0.695332 0.45875 0.252515 0.125422 0.0592831 0.0273982 0.0125329 0.00570665 0.00259295 0.00117706 0.000534093
2.09 0.98482 0.983496 0.979921 0.969689 0.940694 0.86409 0.698668 0.462448 0.255112 0.12685 0.0599887 0.0277306 0.0126862 0.00577676 0.00262486 0.00119155 0.000540675
2.095 0.984834 0.983533 0.980018 0.969956 0.941419 0.865885 0.701985 0.466154 0.25773 0.128292 0.0607024 0.0280669 0.0128415 0.00584772 0.00265717 0.00120623 0.000547337
2.1 0.984848 0.983568 0.980113 0.970218 0.942132 0.867657 0.705281 0.469868 0.260368 0.12975 0.0614243 0.0284073 0.0129986 0.00591956 0.00268987 0.00122109 0.000554081
2.105 0.984862 0.983604 0.980206 0.970476 0.942835 0.869406 0.708558 0.473591 0.263027 0.131222 0.0621544 0.0287517 0.0131577 0.00599228 0.00272297 0.00123613 0.000560909
2.11 0.984875 0.983639 0.980298 0.970729 0.943527 0.871133 0.711814 0.47732 0.265706 0.13271 0.0628929 0.0291003 0.0133187 0.00606588 0.00275649 0.00125135 0.00056782
2.115 0.984889 0.983673 0.980388 0.970978 0.944209 0.872839 0.71505 0.481057 0.268406 0.134213 0.0636398 0.0294529 0.0134816 0.00614039 0.00279041 0.00126677 0.000574817
2.12 0.984902 0.983706 0.980477 0.971224 0.94488 0.874522 0.718264 0.484801 0.271126 0.135731 0.0643953 0.0298098 0.0136465 0.00621581 0.00282475 0.00128237 0.0005819
2.125 0.984914 0.983739 0.980564 0.971465 0.94554 0.876184 0.721458 0.488551 0.273867 0.137264 0.0651593 0.0301709 0.0138134 0.00629215 0.00285951 0.00129816 0.00058907
2.13 0.984927 0.983772 0.98065 0.971702 0.946191 0.877824 0.72463 0.492307 0.276628 0.138814 0.065932 0.0305364 0.0139824 0.00636943 0.0028947 0.00131415 0.000596328
2.135 0.984939 0.983804 0.980734 0.971935 0.946831 0.879442 0.72778 0.496068 0.27941 0.140379 0.0667136 0.0309061 0.0141534 0.00644765 0.00293032 0.00133034 0.000603676
2.14 0.984951 0.983835 0.980817 0.972165 0.947462 0.88104 0.730908 0.499834 0.282212 0.141959 0.067504 0.0312803 0.0143264 0.00652683 0.00296638 0.00134672 0.000611114
2.145 0.984963 0.983866 0.980899 0.97239 0.948082 0.882616 0.734014 0.503605 0.285035 0.143556 0.0683033 0.0316589 0.0145016 0.00660698 0.00300288 0.00136331 0.000618644
2.15 0.984975 0.983896 0.980979 0.972612 0.948693 0.884172 0.737098 0.50738 0.287878 0.145169 0.0691117 0.032042 0.0146789 0.0066881 0.00303983 0.0013801 0.000626267
2.155 0.984987 0.983926 0.981058 0.972831 0.949295 0.885707 0.740159 0.511158 0.290742 0.146798 0.0699293 0.0324296 0.0148583 0.00677022 0.00307724 0.00139709 0.000633983
2.16 0.984998 0.983955 0.981136 0.973045 0.949887 0.887221 0.743197 0.51494 0.293626 0.148443 0.0707561 0.0328219 0.0150399 0.00685335 0.0031151 0.0014143 0.000641795
2.165 0.985009 0.983984 0.981212 0.973256 0.95047 0.888715 0.746212 0.518724 0.29653 0.150105 0.0715923 0.0332188 0.0152237 0.00693749 0.00315343 0.00143172 0.000649703
2.17 0.98502 0.984012 0.981287 0.973464 0.951044 0.890189 0.749204 0.52251 0.299454 0.151783 0.0724378 0.0336204 0.0154098 0.00702266 0.00319223 0.00144935 0.000657708
2.175 0.985031 0.98404 0.981361 0.973668 0.951609 0.891643 0.752173 0.526298 0.302399 0.153478 0.0732929 0.0340267 0.0155981 0.00710887 0.00323151 0.0014672 0.000665812
2.18 0.985041 0.984067 0.981433 0.973869 0.952165 0.893078 0.755118 0.530087 0.305363 0.15519 0.0741577 0.0344379 0.0157886 0.00719614 0.00327127 0.00148527 0.000674016
2.185 0.985052 0.984094 0.981504 0.974066 0.952712 0.894492 0.758039 0.533877 0.308348 0.156918 0.0750321 0.034854 0.0159815 0.00728447 0.00331151 0.00150356 0.00068232
2.19 0.985062 0.984121 0.981574 0.974261 0.953251 0.895888 0.760936 0.537668 0.311352 0.158664 0.0759163 0.0352749 0.0161767 0.00737388 0.00335225 0.00152208 0.000690727
2.195 0.985072 0.984147 0.981643 0.974451 0.953781 0.897264 0.763809 0.541458 0.314377 0.160426 0.0768105 0.0357009 0.0163743 0.00746439 0.0033935 0.00154082 0.000699238
2.2 0.985082 0.984172 0.981711 0.974639 0.954303 0.898622 0.766658 0.545247 0.317421 0.162206 0.0777146 0.0361318 0.0165743 0.007556 0.00343524 0.00155979 0.000707853
2.205 0.985092 0.984197 0.981778 0.974824 0.954817 0.89996 0.769483 0.549036 0.320484 0.164003 0.0786289 0.0365679 0.0167767 0.00764873 0.0034775 0.001579 0.000716575
2.21 0.985101 0.984222 0.981843 0.975006 0.955323 0.90128 0.772283 0.552823 0.323567 0.165818 0.0795534 0.0370091 0.0169815 0.0077426 0.00352028 0.00159845 0.000725404
2.215 0.985111 0.984246 0.981908 0.975184 0.95582 0.902582 0.775059 0.556607 0.32667 0.16765 0.0804882 0.0374555 0.0171888 0.00783761 0.00356359 0.00161813 0.000734341
2.22 0.98512 0.98427 0.981971 0.97536 0.95631 0.903865 0.77781 0.560389 0.329792 0.169499 0.0814333 0.0379072 0.0173986 0.00793378 0.00360742 0.00163806 0.000743389
2.225 0.985129 0.984294 0.982033 0.975533 0.956792 0.90513 0.780537 0.564168 0.332933 0.171367 0.082389 0.0383642 0.017611 0.00803113 0.0036518 0.00165823 0.000752548
2.23 0.985138 0.984317 0.982094 0.975702 0.957266 0.906378 0.783239 0.567944 0.336093 0.173252 0.0833553 0.0388266 0.0178259 0.00812967 0.00369672 0.00167865 0.00076182
2.235 0.985147 0.98434 0.982154 0.975869 0.957733 0.907608 0.785916 0.571715 0.339272 0.175156 0.0843323 0.0392945 0.0180434 0.00822941 0.00374219 0.00169932 0.000771206
2.24 0.985155 0.984362 0.982214 0.976034 0.958193 0.908821 0.788567 0.575482 0.342469 0.177077 0.0853201 0.0397678 0.0182635 0.00833036 0.00378822 0.00172024 0.000780708
2.245 0.985164 0.984384 0.982272 0.976195 0.958645 0.910016 0.791194 0.579244 0.345685 0.179017 0.0863188 0.0402467 0.0184863 0.00843256 0.00383481 0.00174142 0.000790326
2.25 0.985172 0.984405 0.982329 0.976354 0.95909 0.911194 0.793796 0.583001 0.34892 0.180975 0.0873286 0.0407313 0.0187118 0.00853599 0.00388198 0.00176287 0.000800064
2.255 0.98518 0.984426 0.982385 0.97651 0.959528 0.912356 0.796373 0.586751 0.352173 0.182951 0.0883494 0.0412215 0.01894 0.0086407 0.00392972 0.00178457 0.000809921
2.26 0.985188 0.984447 0.982441 0.976664 0.959959 0.913501 0.798925 0.590495 0.355444 0.184946 0.0893815 0.0417175 0.0191709 0.00874668 0.00397805 0.00180655 0.000819899
2.265 0.985196 0.984468 0.982495 0.976815 0.960383 0.914629 0.801452 0.594232 0.358732 0.186959 0.090425 0.0422193 0.0194046 0.00885395 0.00402697 0.00182879 0.00083
2.27 0.985204 0.984488 0.982548 0.976963 0.9608 0.915742 0.803953 0.597961 0.362039 0.188991 0.0914798 0.042727 0.0196412 0.00896253 0.00407649 0.00185131 0.000840226
2.275 0.985212 0.984508 0.982601 0.977109 0.96121 0.916838 0.806429 0.601683 0.365362 0.191042 0.0925462 0.0432407 0.0198806 0.00907244 0.00412662 0.0018741 0.000850578
2.28 0.985219 0.984527 0.982652 0.977253 0.961614 0.917918 0.808881 0.605396 0.368703 0.193112 0.0936243 0.0437603 0.0201229 0.00918369 0.00417737 0.00189718 0.000861057
2.285 0.985227 0.984546 0.982703 0.977394 0.962012 0.918983 0.811307 0.609101 0.372062 0.1952 0.0947141 0.0442861 0.0203681 0.0092963 0.00422874 0.00192053 0.000871665
2.29 0.985234 0.984565 0.982753 0.977533 0.962403 0.920032 0.813708 0.612796 0.375437 0.197308 0.0958158 0.044818 0.0206162 0.00941028 0.00428074 0.00194418 0.000882404
2.295 0.985241 0.984583 0.982802 0.977669 0.962788 0.921066 0.816083 0.616481 0.378828 0.199435 0.0969295 0.0453561 0.0208674 0.00952565 0.00433337 0.00196812 0.000893275
2.3 0.985248 0.984602 0.982851 0.977803 0.963166 0.922084 0.818434 0.620157 0.382236 0.201581 0.0980552 0.0459005 0.0211215 0.00964242 0.00438665 0.00199235 0.000904279
2.305 0.985255 0.984619 0.982898 0.977935 0.963539 0.923088 0.82076 0.623821 0.38566 0.203747 0.0991932 0.0464513 0.0213787 0.00976062 0.00444059 0.00201688 0.00091542
2.31 0.985262 0.984637 0.982945 0.978065 0.963905 0.924077 0.823061 0.627474 0.3891 0.205932 0.100343 0.0470085 0.021639 0.00988027 0.00449518 0.00204171 0.000926697
2.315 0.985268 0.984654 0.982991 0.978193 0.964266 0.925051 0.825337 0.631116 0.392556 0.208136 0.101506 0.0475722 0.0219025 0.0100014 0.00455045 0.00206684 0.000938113
2.32 0.985275 0.984671 0.983036 0.978318 0.964621 0.926012 0.827588 0.634746 0.396027 0.21036 0.102681 0.0481424 0.0221691 0.0101239 0.00460639 0.00209229 0.00094967
2.325 0.985281 0.984688 0.98308 0.978442 0.96497 0.926957 0.829814 0.638363 0.399513 0.212604 0.103869 0.0487193 0.0224389 0.010248 0.00466302 0.00211805 0.000961369
2.33 0.985288 0.984704 0.983124 0.978563 0.965313 0.927889 0.832015 0.641967 0.403014 0.214867 0.10507 0.0493029 0.0227119 0.0103736 0.00472034 0.00214412 0.000973213
2.335 0.985294 0.98472 0.983166 0.978682 0.965651 0.928807 0.834192 0.645558 0.406529 0.21715 0.106283 0.0498933 0.0229882 0.0105007 0.00477837 0.00217052 0.000985202
2.34 0.9853 0.984736 0.983209 0.9788 0.965983 0.929712 0.836344 0.649135 0.410058 0.219453 0.10751 0.0504905 0.0232679 0.0106294 0.00483711 0.00219724 0.000997338
2.345 0.985306 0.984752 0.98325 0.978915 0.96631 0.930603 0.838472 0.652698 0.413602 0.221776 0.108749 0.0510947 0.0235509 0.0107596 0.00489656 0.00222429 0.00100962
2.35 0.985312 0.984767 0.983291 0.979028 0.966632 0.93148 0.840575 0.656247 0.417159 0.224119 0.110002 0.0517059 0.0238372 0.0108914 0.00495675 0.00225167 0.00102206
2.355 0.985318 0.984782 0.983331 0.97914 0.966948 0.932344 0.842654 0.65978 0.420729 0.226482 0.111268 0.0523242 0.024127 0.0110248 0.00501767 0.00227939 0.00103465
2.36 0.985324 0.984797 0.98337 0.97925 0.96726 0.933196 0.844709 0.663298 0.424312 0.228865 0.112548 0.0529496 0.0244203 0.0111599 0.00507934 0.00230745 0.0010474
2.365 0.985329 0.984811 0.983409 0.979357 0.967566 0.934035 0.84674 0.6668 0.427908 0.231269 0.113841 0.0535823 0.0247171 0.0112966 0.00514177 0.00233585 0.0010603
2.37 0.985335 0.984826 0.983447 0.979464 0.967867 0.934861 0.848746 0.670286 0.431516 0.233692 0.115147 0.0542223 0.0250175 0.0114349 0.00520496 0.0023646 0.00107336
2.375 0.98534 0.98484 0.983484 0.979568 0.968163 0.935674 0.850729 0.673755 0.435136 0.236136 0.116468 0.0548697 0.0253214 0.011575 0.00526892 0.00239371 0.00108658
2.38 0.985346 0.984854 0.983521 0.97967 0.968455 0.936476 0.852688 0.677207 0.438768 0.2386 0.117802 0.0555245 0.025629 0.0117167 0.00533367 0.00242317 0.00109997
2.385 0.985351 0.984867 0.983557 0.979771 0.968741 0.937265 0.854624 0.680642 0.442411 0.241085 0.119151 0.0561869 0.0259402 0.0118602 0.00539921 0.002453 0.00111352
2.39 0.985356 0.984881 0.983593 0.97987 0.969023 0.938042 0.856536 0.68406 0.446065 0.24359 0.120513 0.0568569 0.0262552 0.0120054 0.00546556 0.00248319 0.00112723
2.395 0.985361 0.984894 0.983628 0.979968 0.969301 0.938807 0.858425 0.687459 0.449729 0.246115 0.12189 0.0575347 0.026574 0.0121524 0.00553271 0.00251376 0.00114112
2.4 0.985366 0.984907 0.983662 0.980063 0.969573 0.939561 0.86029 0.69084 0.453404 0.248661 0.123281 0.0582202 0.0268965 0.0123011 0.00560069 0.0025447 0.00115517
2.405 0.985371 0.984919 0.983696 0.980158 0.969842 0.940303 0.862133 0.694202 0.457088 0.251227 0.124687 0.0589136 0.0272229 0.0124517 0.00566951 0.00257602 0.0011694
2.41 0.985376 0.984932 0.983729 0.98025 0.970106 0.941034 0.863952 0.697545 0.460781 0.253814 0.126107 0.059615 0.0275532 0.0126041 0.00573916 0.00260772 0.00118381
2.415 0.985381 0.984944 0.983761 0.980341 0.970365 0.941754 0.865749 0.700869 0.464484 0.256421 0.127542 0.0603245 0.0278875 0.0127584 0.00580967 0.00263982 0.00119839
2.42 0.985385 0.984956 0.983794 0.980431 0.970621 0.942463 0.867523 0.704173 0.468195 0.259049 0.128991 0.061042 0.0282257 0.0129145 0.00588104 0.00267231 0.00121315
2.425 0.98539 0.984968 0.983825 0.980519 0.970872 0.943161 0.869275 0.707457 0.471914 0.261698 0.130456 0.0617678 0.028568 0.0130725 0.00595328 0.0027052 0.00122809
2.43 0.985394 0.98498 0.983856 0.980606 0.971119 0.943848 0.871005 0.710721 0.475641 0.264367 0.131936 0.0625018 0.0289143 0.0132325 0.00602641 0.00273849 0.00124322
2.435 0.985399 0.984991 0.983887 0.980691 0.971362 0.944524 0.872712 0.713964 0.479375 0.267056 0.133431 0.0632443 0.0292648 0.0133943 0.00610044 0.00277219 0.00125853
2.44 0.985403 0.985002 0.983917 0.980774 0.971601 0.945191 0.874398 0.717187 0.483116 0.269766 0.134941 0.0639952 0.0296194 0.0135582 0.00617537 0.00280631 0.00127403
2.445 0.985407 0.985013 0.983946 0.980857 0.971836 0.945847 0.876061 0.720388 0.486864 0.272497 0.136467 0.0647547 0.0299783 0.013724 0.00625121 0.00284084 0.00128972
2.45 0.985412 0.985024 0.983975 0.980938 0.972067 0.946492 0.877704 0.723568 0.490618 0.275248 0.138008 0.0655228 0.0303414 0.0138919 0.00632799 0.0028758 0.00130561
2.455 0.985416 0.985035 0.984003 0.981017 0.972294 0.947128 0.879324 0.726726 0.494377 0.27802 0.139565 0.0662997 0.0307088 0.0140618 0.0064057 0.00291119 0.00132169
2.46 0.98542 0.985045 0.984031 0.981095 0.972518 0.947754 0.880924 0.729862 0.498141 0.280812 0.141137 0.0670854 0.0310806 0.0142337 0.00648437 0.00294702 0.00133797
2.465 0.985424 0.985056 0.984059 0.981172 0.972738 0.94837 0.882502 0.732976 0.50191 0.283625 0.142726 0.06788 0.0314569 0.0144078 0.006564 0.00298328 0.00135445
2.47 0.985428 0.985066 0.984086 0.981248 0.972954 0.948977 0.88406 0.736068 0.505683 0.286458 0.14433 0.0686836 0.0318376 0.0145839 0.0066446 0.00301999 0.00137113
2.475 0.985432 0.985076 0.984113 0.981322 0.973167 0.949574 0.885597 0.739137 0.509461 0.289311 0.145951 0.0694964 0.0322228 0.0147622 0.00672619 0.00305715 0.00138801
2.48 0.985435 0.985086 0.984139 0.981395 0.973376 0.950162 0.887113 0.742184 0.513241 0.292185 0.147588 0.0703183 0.0326126 0.0149427 0.00680877 0.00309477 0.00140511
2.485 0.985439 0.985095 0.984164 0.981467 0.973581 0.950741 0.888609 0.745207 0.517024 0.295079 0.149241 0.0711495 0.033007 0.0151253 0.00689237 0.00313285 0.00142241
2.49 0.985443 0.985105 0.98419 0.981538 0.973784 0.95131 0.890085 0.748207 0.52081 0.297993 0.15091 0.0719901 0.0334061 0.0153102 0.00697699 0.0031714 0.00143993
2.495 0.985446 0.985114 0.984214 0.981608 0.973983 0.951871 0.891541 0.751184 0.524598 0.300928 0.152597 0.0728401 0.0338099 0.0154972 0.00706264 0.00321042 0.00145767
2.5 0.98545 0.985123 0.984239 0.981676 0.974178 0.952423 0.892977 0.754138 0.528387 0.303883 0.154299 0.0736998 0.0342185 0.0156866 0.00714934 0.00324992 0.00147562
